{"1-1-1": {"poses_world": [null, null, null, null, null, null, null, null, null, null, null, null, null, null, null, null, null, null, null, null, null, null, null, null, null, null, null, null, null, null, null, null, null, null, null, [[0.4149446487426758, 0.9098460674285889, 0.0010824970668181777, 0.09324260801076889], [-0.9098458290100098, 0.41494226455688477, 0.0019073376897722483, -0.02288338541984558], [0.0012862096773460507, -0.0017763450741767883, 0.999997615814209, 0.014006845653057098], [0.0, 0.0, 0.0, 1.0]], null, null, null, [[0.9800071716308594, 0.19894875586032867, -0.002311414573341608, 0.1016029566526413], [0.19894789159297943, -0.9800100326538086, -0.0005941809504292905, 0.0004945620894432068], [-0.0023834207095205784, 0.00012245056859683245, -0.9999973773956299, 0.06350260227918625], [0.0, 0.0, 0.0, 1.0]], null, null, null, null, null, null, null, null, [[0.03159409761428833, -0.9994971752166748, 0.0026696149725466967, -0.04997697472572327], [0.9994999170303345, 0.03159749507904053, 0.0012412990909069777, -0.15509723126888275], [-0.0013250282499939203, 0.0026290621608495712, 0.9999956488609314, 0.04245719686150551], [0.0, 0.0, 0.0, 1.0]], null, null, [[-0.9947512149810791, -0.1017344743013382, 0.010965617373585701, -0.06968763470649719], [0.10181733965873718, -0.9947766065597534, 0.007282319013029337, -0.2987791895866394], [0.010167475789785385, 0.008360585197806358, 0.9999133348464966, 0.009446322917938232], [0.0, 0.0, 0.0, 1.0]], null, null, null, null, null, null, [[-0.9609518051147461, 0.27671411633491516, -0.0009566413937136531, 0.09518921375274658], [-0.27671048045158386, -0.9609490633010864, -0.002875399077311158, -0.11864443868398666], [-0.0017149472841992974, -0.0024984071496874094, 0.9999954104423523, 0.022426005452871323], [0.0, 0.0, 0.0, 1.0]], null, null, null, null, null, null, null, null, null, null, null, null, null, null, null, null, null, null, null, null]}, "1-2-1": {"poses_world": [null, null, null, null, null, null, null, null, null, null, null, null, null, null, null, null, null, null, null, null, null, null, null, null, null, null, null, null, null, null, null, null, null, null, null, [[0.8464953899383545, 0.5323958396911621, -0.0005048880120739341, 0.16295048594474792], [-0.5323952436447144, 0.8464953899383545, 0.0009113202104344964, -0.0839250385761261], [0.0009125684155151248, -0.0005026283906772733, 0.999999463558197, 0.014874663203954697], [0.0, 0.0, 0.0, 1.0]], null, null, null, [[0.986378014087677, 0.16449274122714996, -0.0007651537307538092, -0.0007967976853251457], [0.16449309885501862, -0.9863778352737427, 0.00041788507951423526, -0.23594236373901367], [-0.0006859918939881027, -0.0005380552029237151, -0.9999992847442627, 0.03469007834792137], [0.0, 0.0, 0.0, 1.0]], null, null, null, null, null, null, null, null, [[0.22491633892059326, 0.9743779301643372, -0.0003900196752510965, 0.19981303811073303], [-0.9743761420249939, 0.22491663694381714, 0.0018851079512387514, -0.22396188974380493], [0.0019245296716690063, -4.3965643271803856e-05, 0.999998152256012, 0.04216976836323738], [0.0, 0.0, 0.0, 1.0]], null, null, [[-0.9032667875289917, 0.4290737807750702, 0.0021442498546093702, -0.04702959209680557], [-0.42907312512397766, -0.9032692909240723, 0.0007791041862219572, 0.32757899165153503], [0.00227112858556211, -0.00021630091941915452, 0.9999973773956299, 0.009433955885469913], [0.0, 0.0, 0.0, 1.0]], null, null, null, null, null, null, [[-0.002691030502319336, 0.9999873638153076, -0.004244902171194553, -0.0771397277712822], [-0.9999819993972778, -0.0026682615280151367, 0.005381844937801361, 0.21673987805843353], [0.005370451137423515, 0.00425930880010128, 0.9999765157699585, 0.022149745374917984], [0.0, 0.0, 0.0, 1.0]], null, null, null, null, null, null, null, null, null, null, null, null, null, null, null, null, null, null, null, null]}, "1-3-1": {"poses_world": [null, null, null, null, null, null, null, null, null, null, null, null, null, null, null, null, null, null, null, null, null, null, null, null, null, null, null, null, null, null, null, null, null, null, null, [[0.5857841968536377, 0.8104661703109741, 0.0012430413626134396, 0.14487530291080475], [-0.8104671239852905, 0.5857831239700317, 0.0011562416329979897, 0.09936971962451935], [0.0002089417539536953, -0.0016847520601004362, 0.9999985694885254, 0.014445241540670395], [0.0, 0.0, 0.0, 1.0]], null, null, null, [[0.9884077310562134, 0.15171858668327332, 0.005618973635137081, 0.23782996833324432], [0.15169697999954224, -0.9884185791015625, 0.00409351522102952, 0.3742303252220154], [0.006174960173666477, -0.003193680662661791, -0.9999758005142212, 0.03416316211223602], [0.0, 0.0, 0.0, 1.0]], null, null, null, null, null, null, null, null, [[-0.028115391731262207, -0.9995896220207214, 0.005496049765497446, 0.16552194952964783], [0.9996036887168884, -0.028122901916503906, -0.0012860752176493406, -0.37332358956336975], [0.0014401120133697987, 0.005457713268697262, 0.999984085559845, 0.044004302471876144], [0.0, 0.0, 0.0, 1.0]], null, null, [[-0.9979574680328369, 0.06385250389575958, 0.001707642339169979, -0.07651378959417343], [-0.06384532153606415, -0.9979515075683594, 0.0039717936888337135, 0.36956894397735596], [0.0019577539060264826, 0.00385465775616467, 0.9999906420707703, 0.00907466746866703], [0.0, 0.0, 0.0, 1.0]], null, null, null, null, null, null, [[0.9999081492424011, -0.012808865867555141, -0.004428737331181765, 0.1649983674287796], [0.012800863943994045, 0.9999163746833801, -0.0018306749407202005, -0.3224062919616699], [0.004451815504580736, 0.0017738151364028454, 0.9999884963035583, 0.022210702300071716], [0.0, 0.0, 0.0, 1.0]], null, null, null, null, null, null, null, null, null, null, null, null, null, null, null, null, null, null, null, null]}, "1-4-1": {"poses_world": [null, null, null, null, null, null, null, null, null, null, null, null, null, null, null, null, null, null, null, null, null, null, null, null, null, null, null, null, null, null, null, null, null, null, null, [[0.5380080938339233, 0.8429397344589233, 4.1878305637510493e-05, 0.0027377018705010414], [-0.8429397344589233, 0.5380080938339233, 0.0002023194683715701, -0.30542880296707153], [0.000148012230056338, -0.00014415039913728833, 1.0, 0.014759385958313942], [0.0, 0.0, 0.0, 1.0]], null, null, null, [[0.9465535283088684, 0.32254281640052795, -0.001591211068443954, -0.05074499920010567], [0.3225439488887787, -0.9465540647506714, 0.0005090877530165017, 0.012000848539173603], [-0.0013419651659205556, -0.0009951143292710185, -0.9999983310699463, 0.03437058627605438], [0.0, 0.0, 0.0, 1.0]], null, null, null, null, null, null, null, null, [[0.6366466283798218, 0.7711547017097473, 0.0012049940414726734, 0.09386813640594482], [-0.7711556553840637, 0.6366459131240845, 0.0009509839583188295, -0.34091776609420776], [-3.379862755537033e-05, -0.001534678740426898, 0.9999988079071045, 0.06069156900048256], [0.0, 0.0, 0.0, 1.0]], null, null, [[-0.8299442529678345, -0.5578390955924988, 0.002932019531726837, -0.031089073047041893], [0.5578451752662659, -0.8299429416656494, 0.001977338222786784, 0.33927127718925476], [0.0013303719460964203, 0.0032766929361969233, 0.9999937415122986, 0.009038053452968597], [0.0, 0.0, 0.0, 1.0]], null, null, null, null, null, null, [[0.9998745322227478, -0.015781885012984276, 0.0013439249014481902, 0.10721339285373688], [0.01577308215200901, 0.9998555779457092, 0.006325895432382822, 0.24007903039455414], [-0.0014435654738917947, -0.006303904112428427, 0.9999790787696838, 0.022261112928390503], [0.0, 0.0, 0.0, 1.0]], null, null, null, null, null, null, null, null, null, null, null, null, null, null, null, null, null, null, null, null]}, "1-5-1": {"poses_world": [null, null, null, null, null, null, null, null, null, null, null, null, null, null, null, null, null, null, null, null, null, null, null, null, null, null, null, null, null, null, null, null, null, null, null, [[0.9994078278541565, -0.03438601642847061, -0.0012840471463277936, -0.024101855233311653], [0.03438536077737808, 0.999408483505249, -0.0005313977599143982, -0.3741038739681244], [0.0013015602016821504, 0.00048693062853999436, 0.9999990463256836, 0.015427464619278908], [0.0, 0.0, 0.0, 1.0]], null, null, null, [[0.9134310483932495, 0.40699270367622375, 0.0008074801880866289, 0.15282614529132843], [0.4069925844669342, -0.9134314060211182, 0.00033753985189832747, -0.05875931307673454], [0.000874954042956233, 2.031907206401229e-05, -0.9999996423721313, 0.03474114090204239], [0.0, 0.0, 0.0, 1.0]], null, null, null, null, null, null, null, null, [[0.8932984471321106, 0.44946393370628357, 9.697640780359507e-05, 0.21572038531303406], [-0.44946351647377014, 0.8932972550392151, 0.0015862055588513613, -0.2161843478679657], [0.0006263135001063347, -0.0014605424366891384, 0.9999987483024597, 0.04196149855852127], [0.0, 0.0, 0.0, 1.0]], null, null, [[-0.88370680809021, 0.46803462505340576, -0.00251575605943799, 0.09172841906547546], [-0.4680365324020386, -0.8837093114852905, 0.00018670788267627358, -0.025190936401486397], [-0.0021358109079301357, 0.0013424605131149292, 0.9999968409538269, 0.009097239933907986], [0.0, 0.0, 0.0, 1.0]], null, null, null, null, null, null, [[-0.5058691501617432, 0.8626102805137634, 0.0001821909099817276, 0.1824994832277298], [-0.8626094460487366, -0.5058689117431641, 0.0013206826988607645, 0.16418756544589996], [0.0012313991319388151, 0.0005109329940751195, 0.9999991059303284, 0.021475091576576233], [0.0, 0.0, 0.0, 1.0]], null, null, null, null, null, null, null, null, null, null, null, null, null, null, null, null, null, null, null, null]}, "1-6-1": {"poses_world": [null, null, null, null, null, null, null, null, null, null, null, null, null, null, null, null, null, null, null, null, null, null, null, null, null, null, null, null, null, null, null, null, null, null, null, [[-0.834691047668457, 0.5507160425186157, 0.0015773260965943336, 0.04097326099872589], [-0.5507123470306396, -0.8346918821334839, 0.0022438662126660347, 0.22033128142356873], [0.0025523146614432335, 0.001004282385110855, 0.9999962449073792, 0.01460357941687107], [0.0, 0.0, 0.0, 1.0]], null, null, null, [[0.8557965755462646, 0.5173110365867615, -0.0012233513407409191, 0.2280939221382141], [0.5173086524009705, -0.8557969331741333, -0.0018430761992931366, -0.02885846421122551], [-0.002000384032726288, 0.000944447994697839, -0.9999974966049194, 0.03465097025036812], [0.0, 0.0, 0.0, 1.0]], null, null, null, null, null, null, null, null, [[0.19045305252075195, -0.9816954731941223, 0.001232137088663876, 0.10809952020645142], [0.9816957116127014, 0.19045406579971313, 0.0007730053621344268, 0.06186516582965851], [-0.0009935213020071387, 0.0010623626876622438, 0.999998927116394, 0.04349624365568161], [0.0, 0.0, 0.0, 1.0]], null, null, [[-0.9764233827590942, 0.2158641666173935, -0.0007256882381625473, 0.12067091464996338], [-0.21586494147777557, -0.9764226675033569, 0.0012258336646482348, 0.3648773729801178], [-0.0004439647891558707, 0.0013535829493775964, 0.9999989867210388, 0.008874477818608284], [0.0, 0.0, 0.0, 1.0]], null, null, null, null, null, null, [[0.32033771276474, 0.9472888708114624, -0.005237910430878401, -0.06084675341844559], [-0.9472919702529907, 0.3203561305999756, 0.0031428332440555096, -0.2511489689350128], [0.004655167926102877, 0.0039550624787807465, 0.9999813437461853, 0.021827366203069687], [0.0, 0.0, 0.0, 1.0]], null, null, null, null, null, null, null, null, null, null, null, null, null, null, null, null, null, null, null, null]}, "1-7-1": {"poses_world": [null, null, null, null, null, null, null, null, null, null, null, null, null, null, null, null, null, null, null, null, null, null, null, null, null, null, null, null, null, null, null, null, null, null, null, [[-0.012321233749389648, 0.9999226927757263, 0.0015610839473083615, 0.27421391010284424], [-0.9999217391014099, -0.01232445240020752, 0.002077111043035984, -0.11219290643930435], [0.002096190582960844, -0.0015353690832853317, 0.9999966025352478, 0.014355814084410667], [0.0, 0.0, 0.0, 1.0]], null, null, null, [[0.9474311470985413, 0.3199567198753357, -0.0013711103238165379, -0.07377886772155762], [0.31995677947998047, -0.947432279586792, -0.00017580886196810752, -0.11728795617818832], [-0.0013552852906286716, -0.00027212919667363167, -0.9999991655349731, 0.03534025326371193], [0.0, 0.0, 0.0, 1.0]], null, null, null, null, null, null, null, null, [[0.2983928322792053, -0.9544370174407959, 0.003412250429391861, 0.102287158370018], [0.954443097114563, 0.29839229583740234, -0.0006783687276765704, 0.2874188721179962], [-0.0003707288997247815, 0.0034592188894748688, 0.9999939203262329, 0.046193454414606094], [0.0, 0.0, 0.0, 1.0]], null, null, [[-0.5359009504318237, -0.8442805409431458, -0.0007539940997958183, -0.06408116221427917], [0.8442803025245667, -0.5358994007110596, -0.0016271746717393398, 0.09332014620304108], [0.000969726825132966, -0.0015085868071764708, 0.9999983906745911, 0.00987236201763153], [0.0, 0.0, 0.0, 1.0]], null, null, null, null, null, null, [[-0.9288157224655151, 0.37054136395454407, 0.0006497973809018731, 0.1589798629283905], [-0.37053999304771423, -0.9288151264190674, 0.0016073142178356647, 0.2363634705543518], [0.0011991180945187807, 0.0012521229218691587, 0.9999985098838806, 0.021984092891216278], [0.0, 0.0, 0.0, 1.0]], null, null, null, null, null, null, null, null, null, null, null, null, null, null, null, null, null, null, null, null]}, "1-8-1": {"poses_world": [null, null, null, null, null, null, null, null, null, null, null, null, null, null, null, null, null, null, null, null, null, null, null, null, null, null, null, null, null, null, null, null, null, null, null, [[-0.567607045173645, 0.823297917842865, 0.0015536320861428976, 0.14313273131847382], [-0.8232921957969666, -0.5676089525222778, 0.003098234999924898, 0.02292031981050968], [0.0034326266031712294, 0.00047948723658919334, 0.9999939799308777, 0.014203019440174103], [0.0, 0.0, 0.0, 1.0]], null, null, null, [[0.8821556568145752, 0.47095656394958496, 0.0011644401820376515, 0.06767304986715317], [0.47095465660095215, -0.8821561336517334, 0.0016025532968342304, 0.21792905032634735], [0.0017819508211687207, -0.0008653029799461365, -0.9999982118606567, 0.03428291156888008], [0.0, 0.0, 0.0, 1.0]], null, null, null, null, null, null, null, null, [[0.7920463681221008, 0.6104605793952942, 0.0005871646571904421, -0.03436656296253204], [-0.6104605793952942, 0.7920466065406799, -0.00026379412156529725, -0.1122622862458229], [-0.0006260976660996675, -0.00014950369950383902, 0.9999998211860657, 0.04155399650335312], [0.0, 0.0, 0.0, 1.0]], null, null, [[-0.6313666105270386, 0.7754806876182556, -0.0024112113751471043, 0.23976849019527435], [-0.7754786610603333, -0.6313468217849731, 0.005816775839775801, 0.3350347578525543], [0.0029884865507483482, 0.00554236164316535, 0.9999801516532898, 0.00888954196125269], [0.0, 0.0, 0.0, 1.0]], null, null, null, null, null, null, [[0.4545443654060364, 0.8907065987586975, -0.005583747290074825, -0.056181348860263824], [-0.8907098174095154, 0.4545636773109436, 0.0028208058793097734, 0.05543942004442215], [0.005050678737461567, 0.0036913168150931597, 0.9999804496765137, 0.0228511244058609], [0.0, 0.0, 0.0, 1.0]], null, null, null, null, null, null, null, null, null, null, null, null, null, null, null, null, null, null, null, null]}, "1-9-1": {"poses_world": [null, null, null, null, null, null, null, null, null, null, null, null, null, null, null, null, null, null, null, null, null, null, null, null, null, null, null, null, null, null, null, null, null, null, null, [[-0.8143246173858643, 0.5803993940353394, 0.0034863909240812063, 0.13758009672164917], [-0.5803918838500977, -0.8143320083618164, 0.0029853591695427895, 0.27322742342948914], [0.004571779631078243, 0.00040757807437330484, 0.9999894499778748, 0.013965543359518051], [0.0, 0.0, 0.0, 1.0]], null, null, null, [[0.9471744894981384, 0.32071587443351746, -0.0013663570862263441, -0.07098375260829926], [0.32071658968925476, -0.9471752643585205, 0.0003469878574833274, -0.3735250234603882], [-0.0011828949209302664, -0.0007668713806197047, -0.9999991655349731, 0.03544856980443001], [0.0, 0.0, 0.0, 1.0]], null, null, null, null, null, null, null, null, [[0.6399879455566406, 0.7683847546577454, 0.0005920544499531388, 0.18960997462272644], [-0.7683840394020081, 0.6399881839752197, -0.0010392230469733477, -0.14280426502227783], [-0.001177431084215641, 0.00021016498794779181, 0.9999992847442627, 0.04298322647809982], [0.0, 0.0, 0.0, 1.0]], null, null, [[-0.6916795969009399, -0.7222033143043518, 0.0012762295082211494, 0.09453733265399933], [0.7222042679786682, -0.6916795969009399, 0.000571485492400825, 0.3144001066684723], [0.00047001318307593465, 0.0013169832527637482, 0.9999990463256836, 0.009996375069022179], [0.0, 0.0, 0.0, 1.0]], null, null, null, null, null, null, [[0.17622357606887817, 0.9843218922615051, 0.007458274718374014, 0.26885926723480225], [-0.9843378663063049, 0.17625415325164795, -0.0036593887489289045, -0.0659191831946373], [-0.004916567821055651, -0.0066965920850634575, 0.999965488910675, 0.022717073559761047], [0.0, 0.0, 0.0, 1.0]], null, null, null, null, null, null, null, null, null, null, null, null, null, null, null, null, null, null, null, null]}, "1-10-1": {"poses_world": [null, null, null, null, null, null, null, null, null, null, null, null, null, null, null, null, null, null, null, null, null, null, null, null, null, null, null, null, null, null, null, null, null, null, null, [[0.942686915397644, 0.33367252349853516, -0.0020067719742655754, 0.10279852151870728], [-0.3336654305458069, 0.942686140537262, 0.0031967777758836746, -0.2962680160999298], [0.002958433236926794, -0.002343970350921154, 0.999992847442627, 0.014898600056767464], [0.0, 0.0, 0.0, 1.0]], null, null, null, [[0.8120335340499878, 0.5836103558540344, -0.0007336374837905169, 0.27315831184387207], [0.5836099982261658, -0.8120337724685669, -0.000606779009103775, 0.14433294534683228], [-0.0009498610161244869, 6.456670234911144e-05, -0.9999995231628418, 0.034964870661497116], [0.0, 0.0, 0.0, 1.0]], null, null, null, null, null, null, null, null, [[0.6508021354675293, -0.7592437267303467, 0.0023703137412667274, -0.04713115096092224], [0.7592436075210571, 0.6508055925369263, 0.001131274737417698, 0.11234486848115921], [-0.002401526551693678, 0.001063409261405468, 0.999996542930603, 0.0423579216003418], [0.0, 0.0, 0.0, 1.0]], null, null, [[-0.38203608989715576, 0.9241451025009155, -0.00203383038751781, 0.15672311186790466], [-0.9241472482681274, -0.3820343017578125, 0.001188228721730411, 0.19497449696063995], [0.00032110256142914295, 0.0023335050791502, 0.9999971985816956, 0.009528668597340584], [0.0, 0.0, 0.0, 1.0]], null, null, null, null, null, null, [[0.9974601864814758, -0.0712176263332367, -0.0010953828459605575, 0.12262079119682312], [0.07122132182121277, 0.9974532127380371, 0.003825231920927763, 0.04909716546535492], [0.0008201692253351212, -0.0038935313932597637, 0.9999920725822449, 0.022850528359413147], [0.0, 0.0, 0.0, 1.0]], null, null, null, null, null, null, null, null, null, null, null, null, null, null, null, null, null, null, null, null]}, "1-11-1": {"poses_world": [null, null, null, null, null, null, null, null, null, null, null, null, null, null, null, null, null, null, null, null, null, null, null, null, null, null, null, null, null, null, null, null, null, null, null, null, null, null, null, [[0.9555454850196838, 0.29480889439582825, 0.004536602646112442, -0.07368028163909912], [0.29480794072151184, -0.9555561542510986, 0.0008957855170592666, -0.17629693448543549], [0.004599063657224178, 0.0004814625717699528, -0.9999892711639404, 0.040761105716228485], [0.0, 0.0, 0.0, 1.0]], null, null, null, null, null, null, null, null, null, null, null, [[-0.9996070861816406, -0.027702629566192627, 0.00426486786454916, -0.07556074112653732], [0.027723487466573715, -0.9996035099029541, 0.004912066739052534, 0.22368016839027405], [0.004127100110054016, 0.0050283740274608135, 0.9999788403511047, 0.00932492408901453], [0.0, 0.0, 0.0, 1.0]], [[-0.6968618631362915, -0.717187762260437, -0.004998546559363604, -0.019462207332253456], [0.7171505689620972, -0.6968778371810913, 0.007487572263926268, 0.06284090131521225], [-0.008853372186422348, 0.0016330941580235958, 0.9999594688415527, 0.02835855260491371], [0.0, 0.0, 0.0, 1.0]], null, null, null, null, [[0.9180644750595093, 0.3963872790336609, -0.005896454676985741, -0.07410567253828049], [0.39634376764297485, -0.9180729389190674, -0.0073408870957791805, -0.385210782289505], [-0.00832320936024189, 0.004402384627610445, -0.9999557733535767, 0.009867949411273003], [0.0, 0.0, 0.0, 1.0]], [[0.9335899353027344, 0.3582967519760132, -0.005765526555478573, 0.007629875093698502], [-0.35829997062683105, 0.9336063861846924, 0.0005005673738196492, -0.17550930380821228], [0.005562083795666695, 0.0015984632773324847, 0.9999832510948181, 0.021646276116371155], [0.0, 0.0, 0.0, 1.0]], null, null, null, null, null, null, null, null, null, null, null, null, null, null, null, null, null, null, null, null]}, "1-12-1": {"poses_world": [null, null, null, null, null, null, null, null, null, null, null, null, null, null, null, null, null, null, null, null, null, null, null, null, null, null, null, null, null, null, null, null, null, null, null, null, null, null, null, [[0.991778552532196, 0.12796588242053986, -4.003798312623985e-05, 0.27263978123664856], [0.12796588242053986, -0.9917784929275513, -5.909882929699961e-06, -0.2146333009004593], [-4.0465074562234804e-05, 7.377993824775331e-07, -0.9999998807907104, 0.03607926145195961], [0.0, 0.0, 0.0, 1.0]], null, null, null, null, null, null, null, null, null, null, null, [[-0.9074773788452148, 0.42010030150413513, -0.0004942927625961602, 0.2238345593214035], [-0.42010048031806946, -0.9074757099151611, 0.0017627771012485027, 0.014483345672488213], [0.00029198441188782454, 0.0018073332030326128, 0.9999983310699463, 0.009270533919334412], [0.0, 0.0, 0.0, 1.0]], [[-0.3871455192565918, -0.9220138192176819, 0.002977264579385519, -0.06054186820983887], [0.9219563603401184, -0.3871549367904663, -0.010372678749263287, -0.050048112869262695], [0.01071641594171524, -0.0012708278372883797, 0.9999417662620544, 0.02890949696302414], [0.0, 0.0, 0.0, 1.0]], null, null, null, null, [[0.9909067153930664, 0.13451720774173737, -0.0030010526534169912, 0.156561478972435], [0.13451777398586273, -0.9909113645553589, -1.0052142897620797e-05, -0.38097667694091797], [-0.002975128823891282, -0.0003937341971322894, -0.9999955892562866, 0.00723109720274806], [0.0, 0.0, 0.0, 1.0]], [[0.007860004901885986, 0.9999516010284424, -0.005926467943936586, -0.07739831507205963], [-0.9999527931213379, 0.007893681526184082, 0.005678748246282339, 0.0901312604546547], [0.005725254770368338, 0.005881552118808031, 0.9999663233757019, 0.023255154490470886], [0.0, 0.0, 0.0, 1.0]], null, null, null, null, null, null, null, null, null, null, null, null, null, null, null, null, null, null, null, null]}, "1-13-1": {"poses_world": [null, null, null, null, null, null, null, null, null, null, null, null, null, null, null, null, null, null, null, null, null, null, null, null, null, null, null, null, null, null, null, null, null, null, null, null, null, null, null, [[0.9032410979270935, 0.4291290044784546, 0.0019439846510067582, 0.11339254677295685], [0.42912858724594116, -0.9032429456710815, 0.0006611246499232948, 0.1287953406572342], [0.002039598533883691, 0.00023706445062998682, -0.9999977350234985, 0.03532363474369049], [0.0, 0.0, 0.0, 1.0]], null, null, null, null, null, null, null, null, null, null, null, [[-0.7530475854873657, 0.6579655408859253, -0.000723527162335813, 0.2547841966152191], [-0.6579545736312866, -0.7530276775360107, 0.006697301287204027, 0.2069719284772873], [0.0038617574609816074, 0.005519435275346041, 0.9999772906303406, 0.009217278100550175], [0.0, 0.0, 0.0, 1.0]], [[-0.0348583459854126, -0.9993907809257507, -0.0017737271264195442, 0.24180343747138977], [0.9992422461509705, -0.03482234477996826, -0.017390627413988113, 0.29979097843170166], [0.01731826737523079, -0.0023785908706486225, 0.9998471736907959, 0.027071312069892883], [0.0, 0.0, 0.0, 1.0]], null, null, null, null, [[0.8494508266448975, 0.527665913105011, -0.0014024286065250635, -0.07865483313798904], [0.5276678204536438, -0.849448561668396, 0.002067946596071124, -0.15538664162158966], [-0.00010010582627728581, -0.0024966353084892035, -0.9999970197677612, 0.009143572300672531], [0.0, 0.0, 0.0, 1.0]], [[0.8563231825828552, 0.5164136290550232, -0.005253876559436321, -0.043081529438495636], [-0.5164068341255188, 0.8563392162322998, 0.002675565890967846, 0.12100008875131607], [0.0058807991445064545, 0.0004219883121550083, 0.9999825954437256, 0.022122345864772797], [0.0, 0.0, 0.0, 1.0]], null, null, null, null, null, null, null, null, null, null, null, null, null, null, null, null, null, null, null, null]}, "1-14-1": {"poses_world": [null, null, null, null, null, null, null, null, null, null, null, null, null, null, null, null, null, null, null, null, null, null, null, null, null, null, null, null, null, null, null, null, null, null, null, null, null, null, null, [[0.9922804832458496, 0.12392443418502808, 0.004713393282145262, -0.0763995349407196], [0.12393571436405182, -0.9922879934310913, -0.0021815821528434753, -0.1732325702905655], [0.004406691994518042, 0.0027488991618156433, -0.9999866485595703, 0.0512937530875206], [0.0, 0.0, 0.0, 1.0]], null, null, null, null, null, null, null, null, null, null, null, [[-0.37040746212005615, 0.9288672804832458, -0.0019730795174837112, 0.026497693732380867], [-0.9288644194602966, -0.370397686958313, 0.004058771766722202, -0.3219625651836395], [0.003039236180484295, 0.00333612272515893, 0.9999898076057434, 0.009663294069468975], [0.0, 0.0, 0.0, 1.0]], [[-0.5133624076843262, -0.8581703901290894, -0.0016281274147331715, 0.0230680163949728], [0.858170747756958, -0.5133576393127441, -0.0026135791558772326, 0.014735213480889797], [0.00140708452090621, -0.002738924464210868, 0.999995231628418, 0.028329845517873764], [0.0, 0.0, 0.0, 1.0]], null, null, null, null, [[0.9705368280410767, 0.24090498685836792, 0.004799178801476955, 0.20893339812755585], [0.24089068174362183, -0.9705461263656616, 0.0033734592143446207, -0.3806646466255188], [0.005470508709549904, -0.0021179888863116503, -0.9999825954437256, 0.007943311706185341], [0.0, 0.0, 0.0, 1.0]], [[0.7628273367881775, 0.646565854549408, -0.0068568573333323, -0.022262820973992348], [-0.6465670466423035, 0.7628535628318787, 0.002343221800401807, -0.152060866355896], [0.006745825055986643, 0.0026459444779902697, 0.9999737739562988, 0.022204406559467316], [0.0, 0.0, 0.0, 1.0]], null, null, null, null, null, null, null, null, null, null, null, null, null, null, null, null, null, null, null, null]}, "1-15-1": {"poses_world": [null, null, null, null, null, null, null, null, null, null, null, null, null, null, null, null, null, null, null, null, null, null, null, null, null, null, null, null, null, null, null, null, null, null, null, null, null, null, null, [[0.9798902869224548, 0.19952137768268585, -0.002495275344699621, 0.0058656311593949795], [0.19952209293842316, -0.9798934459686279, 3.5480246879160404e-05, -0.11286994069814682], [-0.002438024617731571, -0.0005326292593963444, -0.9999970197677612, 0.034764815121889114], [0.0, 0.0, 0.0, 1.0]], null, null, null, null, null, null, null, null, null, null, null, [[0.1748374104499817, 0.9845592379570007, -0.008661849424242973, 0.26815491914749146], [-0.9845972657203674, 0.17482662200927734, -0.001994268037378788, -0.2284652143716812], [-0.0004491531290113926, 0.008877105079591274, 0.9999604821205139, 0.009522068314254284], [0.0, 0.0, 0.0, 1.0]], [[-0.6646194458007812, -0.7471582293510437, -0.005933202803134918, -0.05913466587662697], [0.747163712978363, -0.6646376848220825, 0.0016715845558792353, -0.05819275975227356], [-0.005192369222640991, -0.0033221065532416105, 0.9999809861183167, 0.02848891168832779], [0.0, 0.0, 0.0, 1.0]], null, null, null, null, [[0.8794023990631104, 0.4760788083076477, 0.0005688526434823871, -0.0005475468933582306], [0.47607898712158203, -0.8794022798538208, -0.00028464169008657336, 0.0008260319009423256], [0.00036473851650953293, 0.0005211334209889174, -0.9999996423721313, 0.008556747809052467], [0.0, 0.0, 0.0, 1.0]], [[0.9068971276283264, 0.4213200807571411, 0.005196071229875088, 0.24537627398967743], [-0.42133671045303345, 0.9069004654884338, 0.0026283161714673042, 0.3570432662963867], [-0.003604956902563572, -0.004572907462716103, 0.9999830722808838, 0.02222413569688797], [0.0, 0.0, 0.0, 1.0]], null, null, null, null, null, null, null, null, null, null, null, null, null, null, null, null, null, null, null, null]}, "1-16-1": {"poses_world": [null, null, null, null, null, null, null, null, null, null, null, null, null, null, null, null, null, null, null, null, null, null, null, null, null, null, null, null, null, null, null, null, null, null, null, null, null, null, null, [[0.9609917998313904, 0.27657344937324524, -0.0013841621112078428, -0.07328711450099945], [0.2765726149082184, -0.9609923362731934, -0.0007744283648207784, 0.015531745739281178], [-0.0015443561132997274, 0.0003613978624343872, -0.9999983310699463, 0.03457549586892128], [0.0, 0.0, 0.0, 1.0]], null, null, null, null, null, null, null, null, null, null, null, [[-0.559880256652832, 0.8285733461380005, -0.0006096470169723034, 0.20507845282554626], [-0.8285733461380005, -0.5598795413970947, 0.0010726583423092961, 0.005410539451986551], [0.0005474471254274249, 0.0011056974763050675, 0.9999992251396179, 0.009670359082520008], [0.0, 0.0, 0.0, 1.0]], [[-0.9839030504226685, -0.17869660258293152, 0.0015811114571988583, 0.204026997089386], [0.17870214581489563, -0.9838923215866089, 0.0046564750373363495, -0.36130377650260925], [0.0007235468365252018, 0.004864067770540714, 0.9999879002571106, 0.028450138866901398], [0.0, 0.0, 0.0, 1.0]], null, null, null, null, [[0.8169569969177246, 0.5766971111297607, -0.001311873784288764, 0.08252955973148346], [0.5766938924789429, -0.8169569969177246, -0.002168384613469243, 0.015529056079685688], [-0.0023222463205456734, 0.0010149269364774227, -0.9999964237213135, 0.007944557815790176], [0.0, 0.0, 0.0, 1.0]], [[0.6733195781707764, 0.7393452525138855, -0.003062852891162038, -0.04837662726640701], [-0.7393320202827454, 0.6733261346817017, 0.004488338716328144, 0.30826476216316223], [0.005380731076002121, -0.0007576211355626583, 0.9999852180480957, 0.02259807661175728], [0.0, 0.0, 0.0, 1.0]], null, null, null, null, null, null, null, null, null, null, null, null, null, null, null, null, null, null, null, null]}, "1-17-1": {"poses_world": [null, null, null, null, null, null, null, null, null, null, null, null, null, null, null, null, null, null, null, null, null, null, null, null, null, null, null, null, null, null, null, null, null, null, null, null, null, null, null, [[0.9911758303642273, 0.1323992758989334, 0.006398824509233236, -0.059280622750520706], [0.13241569697856903, -0.9911917448043823, -0.0022116131149232388, 0.2716439366340637], [0.006049646530300379, 0.0030394024215638638, -0.9999769926071167, 0.05216830223798752], [0.0, 0.0, 0.0, 1.0]], null, null, null, null, null, null, null, null, null, null, null, [[-0.7905936241149902, -0.6123374700546265, 0.002191648818552494, 0.005147581920027733], [0.6123396158218384, -0.7905949354171753, 0.0004404540522955358, 0.35986000299453735], [0.0014629996148869395, 0.0016902533825486898, 0.9999974966049194, 0.009087388403713703], [0.0, 0.0, 0.0, 1.0]], [[-0.31801021099090576, -0.9480710625648499, 0.005538318771868944, 0.006693271454423666], [0.9480715394020081, -0.3180330991744995, -0.0038949192967265844, 0.2701399624347687], [0.00545402942225337, 0.00401209807023406, 0.9999770522117615, 0.028413202613592148], [0.0, 0.0, 0.0, 1.0]], null, null, null, null, [[0.904831051826477, 0.4257335960865021, 0.005629501771181822, -0.08201801776885986], [0.4257514178752899, -0.904836893081665, -0.002423098310828209, 0.33940157294273376], [0.00406218646094203, 0.0045892633497715, -0.9999812841415405, 0.008369125425815582], [0.0, 0.0, 0.0, 1.0]], [[0.08583855628967285, 0.9962942004203796, -0.005448253825306892, -0.07298452407121658], [-0.9962930083274841, 0.08586698770523071, 0.005212498363107443, 0.1869947612285614], [0.0056610070168972015, 0.004980623256415129, 0.9999715685844421, 0.022650200873613358], [0.0, 0.0, 0.0, 1.0]], null, null, null, null, null, null, null, null, null, null, null, null, null, null, null, null, null, null, null, null]}, "1-18-1": {"poses_world": [null, null, null, null, null, null, null, null, null, null, null, null, null, null, null, null, null, null, null, null, null, null, null, null, null, null, null, null, null, null, null, null, null, null, null, null, null, null, null, [[0.9469237923622131, 0.32145771384239197, -0.0005426555289886892, -0.0746365636587143], [0.3214575946331024, -0.9469238519668579, -0.00032104889396578074, 0.11867297440767288], [-0.0006170571432448924, 0.00012956809950992465, -0.9999997615814209, 0.03456941619515419], [0.0, 0.0, 0.0, 1.0]], null, null, null, null, null, null, null, null, null, null, null, [[-0.9829690456390381, -0.18374522030353546, 0.003125988645479083, 0.09656129032373428], [0.18375740945339203, -0.9829627275466919, 0.004207422956824303, 0.004911951255053282], [0.0022996363695710897, 0.004710189998149872, 0.9999862909317017, 0.009340996854007244], [0.0, 0.0, 0.0, 1.0]], [[-0.9853705167770386, -0.17042461037635803, -0.000701336597558111, -0.04743990674614906], [0.17042574286460876, -0.9853522777557373, -0.005996029824018478, 0.20746031403541565], [0.00033080746652558446, -0.006027836352586746, 0.9999817609786987, 0.029047854244709015], [0.0, 0.0, 0.0, 1.0]], null, null, null, null, [[0.8290318846702576, 0.5591921210289001, -0.0032109192106872797, 0.0264388807117939], [0.5591915249824524, -0.8290376663208008, -0.0011798308696597815, -0.21265335381031036], [-0.0033217251766473055, -0.0008174013928510249, -0.999994158744812, 0.008220423012971878], [0.0, 0.0, 0.0, 1.0]], [[0.9928582906723022, -0.11922425031661987, -0.004243513103574514, 0.20126833021640778], [0.11922158300876617, 0.9928672909736633, -0.0008779462659731507, -0.3424074053764343], [0.00431791739538312, 0.0003657579654827714, 0.9999905824661255, 0.022291678935289383], [0.0, 0.0, 0.0, 1.0]], null, null, null, null, null, null, null, null, null, null, null, null, null, null, null, null, null, null, null, null]}, "1-19-1": {"poses_world": [null, null, null, null, null, null, null, null, null, null, null, null, null, null, null, null, null, null, null, null, null, null, null, null, null, null, null, null, null, null, null, null, null, null, null, null, null, null, null, [[0.9998084902763367, 0.019560949876904488, -0.0005454318015836179, 0.2149844467639923], [0.019562827423214912, -0.999801516532898, 0.0036831244360655546, -0.20016835629940033], [-0.0004732782836072147, -0.0036930895876139402, -0.9999927282333374, 0.035186950117349625], [0.0, 0.0, 0.0, 1.0]], null, null, null, null, null, null, null, null, null, null, null, [[-0.4526991844177246, 0.8916597962379456, -0.002465308178216219, 0.1557760238647461], [-0.8916628956794739, -0.4526948928833008, 0.0021149918902665377, 0.2291947901248932], [0.000769820821005851, 0.0031556792091578245, 0.999994695186615, 0.00991066824644804], [0.0, 0.0, 0.0, 1.0]], [[0.14797252416610718, -0.9887704849243164, 0.020905353128910065, 0.18870192766189575], [0.9889864921569824, 0.14800584316253662, 4.8062764108181e-05, 0.1616092324256897], [-0.0031416378915309906, 0.020667999982833862, 0.9997814297676086, 0.02904084324836731], [0.0, 0.0, 0.0, 1.0]], null, null, null, null, [[0.9944007396697998, 0.10567115247249603, -0.0008805465768091381, 0.20483659207820892], [0.10566999018192291, -0.9944003820419312, -0.0012745639542117715, 0.21221916377544403], [-0.0010103005915880203, 0.0011743799550458789, -0.9999986886978149, 0.006898390594869852], [0.0, 0.0, 0.0, 1.0]], [[0.23020166158676147, 0.9731090068817139, 0.00813409872353077, 0.26820850372314453], [-0.9731249809265137, 0.23024022579193115, -0.004167033359408379, -0.2918461561203003], [-0.005927774589508772, -0.006956236436963081, 0.9999582171440125, 0.021777912974357605], [0.0, 0.0, 0.0, 1.0]], null, null, null, null, null, null, null, null, null, null, null, null, null, null, null, null, null, null, null, null]}, "1-20-1": {"poses_world": [null, null, null, null, null, null, null, null, null, null, null, null, null, null, null, null, null, null, null, null, null, null, null, null, null, null, null, null, null, null, null, null, null, null, null, null, null, null, null, [[0.7829228639602661, 0.6221158504486084, 0.0019191373139619827, 0.2713857889175415], [0.6221092939376831, -0.7829240560531616, 0.003106803633272648, 0.14370015263557434], [0.003435330931097269, -0.0012384741567075253, -0.999993085861206, 0.027116144075989723], [0.0, 0.0, 0.0, 1.0]], null, null, null, null, null, null, null, null, null, null, null, [[-0.06689155101776123, 0.997758686542511, -0.0017408868297934532, 0.26441681385040283], [-0.9977595210075378, -0.06689345836639404, -0.0010614232160151005, 0.017649231478571892], [-0.0011754983570426702, 0.001665986143052578, 0.9999979138374329, 0.009562463499605656], [0.0, 0.0, 0.0, 1.0]], [[-0.744384765625, -0.6677496433258057, 0.0012039844878017902, 0.20098012685775757], [0.667750358581543, -0.7443851232528687, 0.00023393024457618594, -0.04231543838977814], [0.0007400213507935405, 0.0009780952241271734, 0.9999992251396179, 0.027884185314178467], [0.0, 0.0, 0.0, 1.0]], null, null, null, null, [[0.9932026267051697, 0.11639732867479324, -0.00043025758350268006, 0.27604347467422485], [0.11639750748872757, -0.9932024478912354, 0.00042402208782732487, 0.15840794146060944], [-0.000377977907191962, -0.00047122075920924544, -0.9999996423721313, 0.07742400467395782], [0.0, 0.0, 0.0, 1.0]], [[-0.9999715089797974, -0.005525438115000725, 0.0051212855614721775, 0.24626731872558594], [0.005555896088480949, -0.9999667406082153, 0.005952251609414816, 0.37789055705070496], [0.0050882273353636265, 0.005980535876005888, 0.9999691843986511, 0.021572794765233994], [0.0, 0.0, 0.0, 1.0]], null, null, null, null, null, null, null, null, null, null, null, null, null, null, null, null, null, null, null, null]}, "1-21-1": {"poses_world": [null, null, null, null, null, null, null, null, null, null, null, null, null, null, [[-0.653022050857544, 0.7573307156562805, -0.003574386006221175, 0.022031277418136597], [-0.7573317885398865, -0.6530293226242065, -0.0013315544929355383, -0.30164825916290283], [-0.003342604963108897, 0.0018374612554907799, 0.9999927282333374, 0.008332334458827972], [0.0, 0.0, 0.0, 1.0]], null, null, null, null, null, null, null, null, null, null, null, null, null, null, null, null, null, null, null, null, null, null, null, null, null, null, null, null, null, null, null, null, null, null, null, null, [[-0.9998682737350464, -0.015841443091630936, 0.0035399373155087233, 0.2777060866355896], [0.0158611461520195, -0.9998584985733032, 0.005608912091702223, 0.1241057887673378], [0.003450582968071103, 0.005664320196956396, 0.9999780058860779, 0.008534281514585018], [0.0, 0.0, 0.0, 1.0]], null, null, null, [[-0.1310281753540039, -0.9913778305053711, 0.0012593731516972184, 0.08773437142372131], [-0.9913779497146606, 0.13102632761001587, -0.0013692403445020318, -0.2015710473060608], [0.0011924233986064792, -0.001427923678420484, -0.9999983310699463, 0.010376470163464546], [0.0, 0.0, 0.0, 1.0]], [[-0.6368297338485718, -0.771004319190979, -9.088231308851391e-05, 0.04399179667234421], [0.7710041999816895, -0.6368294954299927, -0.0006679771468043327, 0.36526063084602356], [0.00045713677536696196, -0.0004954583710059524, 0.9999997615814209, 0.05162788927555084], [0.0, 0.0, 0.0, 1.0]], [[0.7471292018890381, 0.664678692817688, 0.0003875755937770009, 0.2560438811779022], [0.6646771430969238, -0.7471257448196411, -0.0026855657342