{"1-1-10": {"poses_world": [null, null, null, null, null, null, null, null, null, null, null, null, null, null, null, null, null, null, null, null, null, null, null, null, null, null, null, null, null, null, null, null, null, null, null, [[0.4346441626548767, 0.9006021618843079, 0.00019797426648437977, 0.14484308660030365], [0.9005754590034485, -0.4346327781677246, 0.007607105188071728, 0.28558745980262756], [0.006937022320926189, -0.0031280929688364267, -0.9999709129333496, 0.01427032332867384], [0.0, 0.0, 0.0, 1.0]], null, null, null, [[-0.5895131826400757, -0.8077566623687744, 0.0018759688828140497, -0.07430099695920944], [-0.8077569007873535, 0.589515209197998, 0.0008212176617234945, -0.07601974159479141], [-0.0017692563124001026, -0.0010312080848962069, -0.9999979734420776, 0.03749881684780121], [0.0, 0.0, 0.0, 1.0]], null, null, null, null, null, null, null, null, [[0.7605099678039551, -0.6493237614631653, 0.0018028446938842535, -0.03922002762556076], [-0.6493199467658997, -0.7604873180389404, 0.006508450955152512, 0.2159121036529541], [-0.002855051541700959, -0.006120365113019943, -0.9999771118164062, 0.043015073984861374], [0.0, 0.0, 0.0, 1.0]], null, null, [[-0.927954912185669, 0.3726895749568939, -0.0014624152099713683, 0.022639673203229904], [-0.37266096472740173, -0.9279203414916992, -0.009355920366942883, 0.06217344477772713], [-0.004843859001994133, -0.008136888034641743, 0.9999551773071289, 0.010269325226545334], [0.0, 0.0, 0.0, 1.0]], null, null, null, null, null, null, [[0.3480123281478882, 0.0011453330516815186, -0.93748939037323, -0.012596497312188148], [0.9374743700027466, -0.006221652030944824, 0.34799930453300476, 0.12452039867639542], [-0.005433946847915649, -0.999980092048645, -0.0032390356063842773, 0.024043941870331764], [0.0, 0.0, 0.0, 1.0]], null, null, null, null, null, null, null, null, null, null, null, null, null, null, null, null, null, null, null, null]}, "1-1-11": {"poses_world": [null, null, null, null, null, null, null, null, null, null, null, null, null, null, null, null, null, null, null, null, null, null, null, null, null, null, null, null, null, null, null, null, null, null, null, [[-0.9838618040084839, -0.178908109664917, -0.0027363079134374857, 0.02768603153526783], [-0.17890962958335876, 0.9838654398918152, 0.000313667202135548, 0.36549869179725647], [0.002636041259393096, 0.0007981570670381188, -0.9999960660934448, 0.014968770556151867], [0.0, 0.0, 0.0, 1.0]], null, null, null, [[-0.13053464889526367, -0.9914420247077942, -0.0018059490248560905, 0.11064372211694717], [-0.9914435744285583, 0.13053399324417114, 0.0006084557389840484, -0.1723768711090088], [-0.0003675110056065023, 0.001869921456091106, -0.9999979734420776, 0.036448050290346146], [0.0, 0.0, 0.0, 1.0]], null, null, null, null, null, null, null, null, [[0.8101007342338562, 0.5862866640090942, -0.0021654728334397078, 0.20100480318069458], [0.5862905979156494, -0.8100931644439697, 0.0035039184149354696, -0.03018541820347309], [0.0003000657889060676, -0.004108123481273651, -0.9999914169311523, 0.04410931095480919], [0.0, 0.0, 0.0, 1.0]], null, null, [[-0.047960638999938965, 0.9988415837287903, -0.003920642659068108, 0.19865256547927856], [-0.9988489747047424, -0.04795730113983154, 0.0009587827371433377, -0.12582574784755707], [0.0007696484681218863, 0.00396211352199316, 0.9999918341636658, 0.010319207794964314], [0.0, 0.0, 0.0, 1.0]], null, null, null, null, null, null, [[-0.017734050750732422, -0.000366896390914917, -0.9998427629470825, 0.13372665643692017], [0.999840259552002, -0.0022284984588623047, -0.017733126878738403, 0.34684640169143677], [-0.002221733331680298, -0.9999974966049194, 0.0004063248634338379, 0.022002732381224632], [0.0, 0.0, 0.0, 1.0]], null, null, null, null, null, null, null, null, null, null, null, null, null, null, null, null, null, null, null, null]}, "1-10-10": {"poses_world": [null, null, null, null, null, null, null, null, null, null, null, null, null, null, null, null, null, null, null, null, null, null, null, null, null, null, null, null, null, null, null, null, null, null, null, [[-0.45541417598724365, -0.8902784585952759, 0.0013998961076140404, -0.04264397174119949], [-0.8902765512466431, 0.45541638135910034, 0.0018657995387911797, -0.32385727763175964], [-0.002298616571351886, -0.00039658305468037724, -0.9999971389770508, 0.01415893342345953], [0.0, 0.0, 0.0, 1.0]], null, null, null, [[-0.38667380809783936, -0.9222158789634705, 0.0011185966432094574, 0.061458513140678406], [-0.9222145676612854, 0.38667523860931396, 0.0015920023433864117, 0.37536248564720154], [-0.001900703413411975, -0.00041600066469982266, -0.9999980926513672, 0.044980116188526154], [0.0, 0.0, 0.0, 1.0]], null, null, null, null, null, null, null, null, [[0.9778119921684265, 0.2094751000404358, -0.0019774828106164932, -0.05898338928818703], [0.20948266983032227, -0.9777988195419312, 0.0051408070139586926, 0.18636810779571533], [-0.0008567092590965331, -0.005440990906208754, -0.9999847412109375, 0.042555030435323715], [0.0, 0.0, 0.0, 1.0]], null, null, [[0.7592396140098572, 0.6507973074913025, -0.00425555557012558, 0.0750432163476944], [-0.6508095860481262, 0.7592360973358154, -0.002730495994910598, 0.06523922085762024], [0.001453972072340548, 0.004842656664550304, 0.9999872446060181, 0.010176422074437141], [0.0, 0.0, 0.0, 1.0]], null, null, null, null, null, null, [[-0.8213915824890137, 0.0025523900985717773, 0.5703591108322144, 0.11863033473491669], [-0.5703645944595337, -0.004427433013916016, -0.8213797807693481, 0.34983018040657043], [0.00042870640754699707, -0.999987006187439, 0.005092322826385498, 0.022727860137820244], [0.0, 0.0, 0.0, 1.0]], null, null, null, null, null, null, null, null, null, null, null, null, null, null, null, null, null, null, null, null]}, "1-10-11": {"poses_world": [null, null, null, null, null, null, null, null, null, null, null, null, null, null, null, null, null, null, null, null, null, null, null, null, null, null, null, null, null, null, null, null, null, null, null, [[-0.9807624816894531, 0.1952013075351715, 0.0012379125691950321, -0.01022999919950962], [0.1952052116394043, 0.9807455539703369, 0.00574838649481535, -0.26935893297195435], [-9.198469342663884e-05, 0.005879448726773262, -0.9999828338623047, 0.014296370558440685], [0.0, 0.0, 0.0, 1.0]], null, null, null, [[-0.6226781606674194, -0.7824705243110657, 0.003398016793653369, 0.2603708803653717], [-0.7824634909629822, 0.6226873397827148, 0.0033604162745177746, 0.35279402136802673], [-0.004745328798890114, -0.0005663660122081637, -0.9999884366989136, 0.03453592211008072], [0.0, 0.0, 0.0, 1.0]], null, null, null, null, null, null, null, null, [[0.9997042417526245, -0.024316824972629547, -0.0003054970584344119, 0.2705806493759155], [-0.024314723908901215, -0.9996887445449829, 0.005627891514450312, 0.045626915991306305], [-0.000442254327936098, -0.005618799012154341, -0.9999842643737793, 0.04463926702737808], [0.0, 0.0, 0.0, 1.0]], null, null, [[-0.6444845199584961, 0.7646048665046692, 0.004373038187623024, 0.26115262508392334], [-0.7646092772483826, -0.6444410085678101, -0.008274175226688385, -0.1829071342945099], [-0.003508310066536069, -0.00867624394595623, 0.9999561905860901, 0.010233880952000618], [0.0, 0.0, 0.0, 1.0]], null, null, null, null, null, null, [[-0.6514837741851807, 0.003619670867919922, 0.7586538791656494, 0.052531011402606964], [-0.7586472034454346, 0.00324857234954834, -0.6514935493469238, -0.346555233001709], [-0.004822731018066406, -0.9999881982803345, 0.0006296634674072266, 0.023558100685477257], [0.0, 0.0, 0.0, 1.0]], null, null, null, null, null, null, null, null, null, null, null, null, null, null, null, null, null, null, null, null]}, "1-100-10": {"poses_world": [null, null, null, null, null, null, null, null, null, null, null, null, null, null, [[-0.04570722579956055, 0.9989418983459473, 0.0050857653841376305, 0.10664751380681992], [0.9989469051361084, 0.04572659730911255, -0.0037649678997695446, 0.3742148280143738], [-0.00399353913962841, 0.0049083237536251545, -0.9999799728393555, 0.009787192568182945], [0.0, 0.0, 0.0, 1.0]], null, null, null, null, null, null, null, null, null, null, null, null, null, null, null, null, null, null, null, null, [[-0.3587372303009033, 0.9334365129470825, -0.0018955715931952, 0.050842173397541046], [0.9334373474121094, 0.35873937606811523, 0.0007806451176293194, -0.06676404923200607], [0.0014086987357586622, -0.001489351037889719, -0.999997615814209, 0.01459368783980608], [0.0, 0.0, 0.0, 1.0]], null, null, null, null, null, null, null, null, null, null, null, null, [[-0.39395642280578613, 0.919127345085144, -0.0017108226893469691, 0.00719340518116951], [0.9191288948059082, 0.3939563035964966, -0.0005726022645831108, -0.28919267654418945], [0.00014769472181797028, -0.0017980472184717655, -0.9999980926513672, 0.04471660777926445], [0.0, 0.0, 0.0, 1.0]], null, null, null, null, null, null, null, [[-0.35732531547546387, -0.9339791536331177, 0.0011650098022073507, 0.1840442568063736], [0.9339758157730103, -0.3573272228240967, -0.002503402763977647, -0.36723101139068604], [0.0027544160839170218, 0.00019356142729520798, 0.9999961853027344, 0.05182972177863121], [0.0, 0.0, 0.0, 1.0]], null, [[-0.8702079057693481, -0.0027662962675094604, -0.49267691373825073, 0.24360418319702148], [0.4926804304122925, -0.0007312297821044922, -0.8702099919319153, 0.3552333414554596], [0.0020469874143600464, -0.9999958872795105, 0.0019992589950561523, 0.023348281159996986], [0.0, 0.0, 0.0, 1.0]], null, null, null, null, null, null, null, null, null, null, null, null, null, null, null, null, null, null, null, null]}, "1-100-11": {"poses_world": [null, null, null, null, null, null, null, null, null, null, null, null, null, null, [[-0.8702825307846069, -0.4925496578216553, -0.0017930729081854224, -0.02840796299278736], [-0.49253058433532715, 0.8702719211578369, -0.006351585034281015, 0.25981733202934265], [0.004688932094722986, -0.004644530359655619, -0.9999781847000122, 0.01277517806738615], [0.0, 0.0, 0.0, 1.0]], null, null, null, null, null, null, null, null, null, null, null, null, null, null, null, null, null, null, null, null, [[-0.6095448732376099, 0.7927420735359192, -0.0038785652723163366, -0.01803250052034855], [0.7927507758140564, 0.6095438599586487, -0.001563339028507471, 0.32717815041542053], [0.001124831149354577, -0.004027660936117172, -0.9999912977218628, 0.015355189330875874], [0.0, 0.0, 0.0, 1.0]], null, null, null, null, null, null, null, null, null, null, null, null, [[0.9996308088302612, 0.027155356481671333, -0.0009107227087952197, 0.16922934353351593], [0.02715691365301609, -0.9996296167373657, 0.0017427827697247267, 0.33269569277763367], [-0.0008630595984868705, -0.0017668716609477997, -0.9999980926513672, 0.04279915988445282], [0.0, 0.0, 0.0, 1.0]], null, null, null, null, null, null, null, [[-0.966094970703125, -0.2574726343154907, 0.019196119159460068, 0.07265850901603699], [0.2576513886451721, -0.9662091732025146, 0.007463500835001469, 0.3993401527404785], [0.016625817865133286, 0.012156357057392597, 0.9997878670692444, 0.03624541684985161], [0.0, 0.0, 0.0, 1.0]], null, [[-0.9428422451019287, -0.0028160810470581055, 0.3332269787788391, 0.04649265110492706], [-0.33321234583854675, -0.004647970199584961, -0.9428402781486511, 0.22574009001255035], [0.00420399010181427, -0.9999851584434509, 0.0034441351890563965, 0.022086644545197487], [0.0, 0.0, 0.0, 1.0]], null, null, null, null, null, null, null, null, null, null, null, null, null, null, null, null, null, null, null, null]}, "1-11-10": {"poses_world": [null, null, null, null, null, null, null, null, null, null, null, null, null, null, null, null, null, null, null, null, null, null, null, null, null, null, null, null, null, null, null, null, null, null, null, null, null, null, null, [[-0.5557630062103271, -0.8313353657722473, 0.0030188278760761023, 0.08441582322120667], [-0.8313327431678772, 0.5557698011398315, 0.0023980233818292618, 0.3738020360469818], [-0.0036713352892547846, -0.001176917925477028, -0.9999927282333374, 0.03599345684051514], [0.0, 0.0, 0.0, 1.0]], null, null, null, null, null, null, null, null, null, null, null, [[-0.9998865127563477, 0.014824743382632732, 0.002680860459804535, 0.2762245833873749], [-0.014824981801211834, -0.9998900890350342, -6.935975397937e-05, 0.0665035992860794], [0.0026795375160872936, -0.00010909559205174446, 0.9999964237213135, 0.010696637444198132], [0.0, 0.0, 0.0, 1.0]], [[-0.8078180551528931, -0.5894272923469543, 0.0023238128051161766, 0.2491365373134613], [-0.5894264578819275, 0.8078213334083557, 0.001078256405889988, 0.1485559195280075], [-0.002512779086828232, -0.0004986816784366965, -0.9999966621398926, 0.028867201879620552], [0.0, 0.0, 0.0, 1.0]], null, null, null, null, [[0.9406756162643433, 0.3392986059188843, 0.002427565399557352, -0.04580381512641907], [0.33930516242980957, -0.9406710863113403, -0.003177066333591938, 0.3715576231479645], [0.0012055663391947746, 0.0038122739642858505, -0.9999921321868896, 0.007165716029703617], [0.0, 0.0, 0.0, 1.0]], [[-0.5704358816146851, -0.003411024808883667, -0.821334958076477, 0.20346513390541077], [0.8213343620300293, 0.0019575953483581543, -0.5704436302185059, 0.11962193250656128], [0.0035535991191864014, -0.9999921321868896, 0.0016849637031555176, 0.02498653344810009], [0.0, 0.0, 0.0, 1.0]], null, null, null, null, null, null, null, null, null, null, null, null, null, null, null, null, null, null, null, null]}, "1-11-11": {"poses_world": [null, null, null, null, null, null, null, null, null, null, null, null, null, null, null, null, null, null, null, null, null, null, null, null, null, null, null, null, null, null, null, null, null, null, null, null, null, null, null, [[-0.34599220752716064, -0.9382375478744507, 0.00016408052761107683, 0.23254220187664032], [-0.9382345676422119, 0.34599125385284424, 0.002481706440448761, 0.21132856607437134], [-0.0023852004669606686, 0.0007047046674415469, -0.9999971389770508, 0.03501318395137787], [0.0, 0.0, 0.0, 1.0]], null, null, null, null, null, null, null, null, null, null, null, [[-0.6895689964294434, 0.7242025136947632, 0.005066247656941414, 0.2642713189125061], [-0.724219560623169, -0.6895416975021362, -0.0062113674357533455, 0.0561453178524971], [-0.0010048991534858942, -0.00795224029570818, 0.9999678730964661, 0.010792570188641548], [0.0, 0.0, 0.0, 1.0]], [[-0.8974639177322388, 0.4410848021507263, 0.0016473433934152126, 0.013675467111170292], [0.4410865306854248, 0.8974641561508179, 0.000871904194355011, 0.0616346150636673], [-0.0010938479099422693, 0.001509123481810093, -0.9999983310699463, 0.029336055740714073], [0.0, 0.0, 0.0, 1.0]], null, null, null, null, [[0.9806712865829468, 0.19565336406230927, 0.0018892509397119284, 0.08636544644832611], [0.19565702974796295, -0.9806704521179199, -0.001999813364818692, 0.19951441884040833], [0.0014614621177315712, 0.002330804942175746, -0.9999963045120239, 0.008088883943855762], [0.0, 0.0, 0.0, 1.0]], [[-0.023479461669921875, 0.0040617287158966064, -0.99971604347229, -0.07859720289707184], [0.999704122543335, -0.0062645673751831055, -0.023504644632339478, -0.028755532577633858], [-0.006358355283737183, -0.9999721050262451, -0.003913402557373047, 0.02373647876083851], [0.0, 0.0, 0.0, 1.0]], null, null, null, null, null, null, null, null, null, null, null, null, null, null, null, null, null, null, null, null]}, "1-12-10": {"poses_world": [null, null, null, null, null, null, null, null, null, null, null, null, null, null, null, null, null, null, null, null, null, null, null, null, null, null, null, null, null, null, null, null, null, null, null, null, null, null, null, [[-0.1851367950439453, -0.9827101230621338, -0.0022789784707129, 0.18160086870193481], [-0.9827125072479248, 0.18513447046279907, 0.0011597053380683064, -0.15045593678951263], [-0.0007177366642281413, 0.002454284578561783, -0.9999969005584717, 0.03628592938184738], [0.0, 0.0, 0.0, 1.0]], null, null, null, null, null, null, null, null, null, null, null, [[-0.999974250793457, -0.006402662955224514, 0.003207031637430191, -0.07736552506685257], [0.0064050136134028435, -0.9999791383743286, 0.0007231138879433274, -0.24097967147827148], [0.003202334977686405, 0.0007436363957822323, 0.9999945759773254, 0.012353403493762016], [0.0, 0.0, 0.0, 1.0]], [[-0.9995288848876953, -0.030663924291729927, 0.001250101369805634, -0.0715329572558403], [-0.03066270984709263, 0.9995293021202087, 0.0009787770686671138, 0.28907349705696106], [-0.0012795260408893228, 0.0009399845730513334, -0.9999986886978149, 0.028025144711136818], [0.0, 0.0, 0.0, 1.0]], null, null, null, null, [[0.9740056395530701, 0.2265152633190155, 0.0019581899978220463, 0.10719352960586548], [0.22652193903923035, -0.9739960432052612, -0.004460522439330816, -0.1442992240190506], [0.0008968926267698407, 0.004788146819919348, -0.999988317489624, 0.011924958787858486], [0.0, 0.0, 0.0, 1.0]], [[-0.9999479055404663, 0.006237661466002464, -0.008089606650173664, 0.1716771423816681], [0.008120056241750717, 0.004871845245361328, -0.9999551773071289, -0.3770098388195038], [-0.006197970360517502, -0.9999686479568481, -0.004922270774841309, 0.023601548746228218], [0.0, 0.0, 0.0, 1.0]], null, null, null, null, null, null, null, null, null, null, null, null, null, null, null, null, null, null, null, null]}, "1-12-11": {"poses_world": [null, null, null, null, null, null, null, null, null, null, null, null, null, null, null, null, null, null, null, null, null, null, null, null, null, null, null, null, null, null, null, null, null, null, null, null, null, null, null, [[-0.3802427053451538, -0.9248865246772766, 0.0005375823238864541, 0.05649089068174362], [-0.9248836636543274, 0.3802429437637329, 0.0023390064015984535, 0.2565673887729645], [-0.0023677274584770203, 0.00039218913298100233, -0.9999971389770508, 0.035310134291648865], [0.0, 0.0, 0.0, 1.0]], null, null, null, null, null, null, null, null, null, null, null, [[-0.9995132684707642, -0.031136753037571907, -0.001935918116942048, -0.07796638458967209], [0.03115285374224186, -0.9994747638702393, -0.008933715522289276, 0.15806999802589417], [-0.0016567343845963478, -0.008989676833152771, 0.9999582171440125, 0.010710779577493668], [0.0, 0.0, 0.0, 1.0]], [[-0.9975727796554565, -0.06963040679693222, 0.0007824166095815599, 0.12301938980817795], [-0.0696294829249382, 0.9975722432136536, 0.00114583654794842, 0.3685835003852844], [-0.0008603021851740777, 0.001088575809262693, -0.9999992847442627, 0.028323860839009285], [0.0, 0.0, 0.0, 1.0]], null, null, null, null, [[0.982313334941864, 0.1872301697731018, 0.00231190281920135, 0.02442535012960434], [0.1872362494468689, -0.9823106527328491, -0.0027671270072460175, -0.029306285083293915], [0.0017529178876429796, 0.003151057753711939, -0.9999932050704956, 0.007577248848974705], [0.0, 0.0, 0.0, 1.0]], [[-0.9302618503570557, -0.0008018910884857178, -0.3668951988220215, -0.042238399386405945], [0.36689430475234985, 0.001092374324798584, -0.9302619695663452, 0.25545185804367065], [0.0011467337608337402, -0.9999990463256836, -0.0007219314575195312, 0.023696517571806908], [0.0, 0.0, 0.0, 1.0]], null, null, null, null, null, null, null, null, null, null, null, null, null, null, null, null, null, null, null, null]}, "1-13-10": {"poses_world": [null, null, null, null, null, null, null, null, null, null, null, null, null, null, null, null, null, null, null, null, null, null, null, null, null, null, null, null, null, null, null, null, null, null, null, null, null, null, null, [[-0.3683769702911377, -0.9296754002571106, -0.0014112864155322313, 0.11879364401102066], [-0.9296761155128479, 0.36837494373321533, 0.0014986398164182901, -0.24548152089118958], [-0.0008733659633435309, 0.0018641036003828049, -0.9999978542327881, 0.036328792572021484], [0.0, 0.0, 0.0, 1.0]], null, null, null, null, null, null, null, null, null, null, null, [[-0.9999809265136719, -0.0034027164801955223, 0.005194995552301407, -0.0764533132314682], [0.0034347432665526867, -0.999975323677063, 0.006168547086417675, -0.0895327478647232], [0.005173875950276852, 0.006186272017657757, 0.9999674558639526, 0.010323322378098965], [0.0, 0.0, 0.0, 1.0]], [[-0.9999927282333374, -0.0037682484835386276, -0.0008396230987273157, 0.26871007680892944], [-0.0037679020315408707, 0.9999927878379822, -0.0004138978838454932, -0.025266965851187706], [0.0008411767776124179, -0.0004107311542611569, -0.9999997615814209, 0.029787080362439156], [0.0, 0.0, 0.0, 1.0]], null, null, null, null, [[0.9518817663192749, 0.3064592182636261, 0.001957619097083807, -0.014931006357073784], [0.3064633309841156, -0.9518797397613525, -0.0023372985888272524, 0.38105976581573486], [0.0011471310863271356, 0.0028247705195099115, -0.9999955892562866, 0.007155998609960079], [0.0, 0.0, 0.0, 1.0]], [[-0.5031027793884277, 0.00255662202835083, -0.8642228841781616, -0.05480240285396576], [0.8642252683639526, -0.0003104209899902344, -0.5031049847602844, -0.016207920387387276], [-0.0015544593334197998, -0.9999967217445374, -0.002053380012512207, 0.02259804867208004], [0.0, 0.0, 0.0, 1.0]], null, null, null, null, null, null, null, null, null, null, null, null, null, null, null, null, null, null, null, null]}, "1-13-11": {"poses_world": [null, null, null, null, null, null, null, null, null, null, null, null, null, null, null, null, null, null, null, null, null, null, null, null, null, null, null, null, null, null, null, null, null, null, null, null, null, null, null, [[-0.16159319877624512, -0.9868561029434204, -0.0016301518771797419, 0.18309715390205383], [-0.9868570566177368, 0.16159135103225708, 0.0012084579793736339, -0.1487647444009781], [-0.000929155619814992, 0.0018040054710581899, -0.9999979734420776, 0.03623097017407417], [0.0, 0.0, 0.0, 1.0]], null, null, null, null, null, null, null, null, null, null, null, [[0.23457002639770508, 0.9720942378044128, -0.0031297889072448015, 0.2326926290988922], [-0.972099244594574, 0.234569251537323, -0.0006064188200980425, 0.3685421347618103], [0.00014465628191828728, 0.0031847129575908184, 0.9999949336051941, 0.00978379137814045], [0.0, 0.0, 0.0, 1.0]], [[-0.904355525970459, -0.42677733302116394, 0.0015932261012494564, 0.07922116667032242], [-0.4267779290676117, 0.9043564796447754, -4.92111430503428e-05, 0.10499423742294312], [-0.0014198420103639364, -0.0007244580774568021, -0.999998927116394, 0.028294747695326805], [0.0, 0.0, 0.0, 1.0]], null, null, null, null, [[0.9807846546173096, 0.19508494436740875, 0.0018170838011428714, 0.10372594743967056], [0.19508881866931915, -0.9807829856872559, -0.002283097943291068, -0.30321890115737915], [0.0013367667561396956, 0.0025937200989574194, -0.9999957084655762, 0.0073403483256697655], [0.0, 0.0, 0.0, 1.0]], [[-0.554480791091919, 0.0029426217079162598, -0.8321913480758667, -0.051556721329689026], [0.83219313621521, -0.0009038448333740234, -0.5544852018356323, -0.09444177150726318], [-0.0023837685585021973, -0.9999953508377075, -0.0019477605819702148, 0.02277381159365177], [0.0, 0.0, 0.0, 1.0]], null, null, null, null, null, null, null, null, null, null, null, null, null, null, null, null, null, null, null, null]}, "1-14-10": {"poses_world": [null, null, null, null, null, null, null, null, null, null, null, null, null, null, null, null, null, null, null, null, null, null, null, null, null, null, null, null, null, null, null, null, null, null, null, null, null, null, null, [[-0.29641807079315186, -0.9550581574440002, -0.0003410462522879243, -0.023532342165708542], [-0.9550572037696838, 0.29641735553741455, 0.001523117651231587, 0.1917724758386612], [-0.0013535739853978157, 0.0007771983509883285, -0.9999985694885254, 0.03596349433064461], [0.0, 0.0, 0.0, 1.0]], null, null, null, null, null, null, null, null, null, null, null, [[0.809429407119751, 0.5872165560722351, -0.00088785111438483, 0.26157069206237793], [-0.5872167944908142, 0.8094297051429749, -2.1289335563778877e-05, -0.219387948513031], [0.0007061515934765339, 0.0005385932745411992, 0.9999995827674866, 0.01035505160689354], [0.0, 0.0, 0.0, 1.0]], [[-0.7561178207397461, 0.6544344425201416, 0.001133682206273079, 0.1821739673614502], [0.6544350385665894, 0.7561143636703491, 0.0024052876979112625, 0.35717540979385376], [0.0007169097661972046, 0.0025606025010347366, -0.9999964237213135, 0.029024364426732063], [0.0, 0.0, 0.0, 1.0]], null, null, null, null, [[0.9705042243003845, 0.2410760521888733, 0.0019676205702126026, 0.19407236576080322], [0.24107977747917175, -0.9705032110214233, -0.0019361652666702867, 0.29543572664260864], [0.0014428193680942059, 0.0023534102365374565, -0.9999960660934448, 0.007767581380903721], [0.0, 0.0, 0.0, 1.0]], [[-0.9254610538482666, 0.00972411036491394, -0.37871748208999634, -0.043804898858070374], [0.37875106930732727, 0.0018128156661987305, -0.9254966378211975, -0.2228611260652542], [-0.008313149213790894, -0.9999509453773499, -0.0053604841232299805, 0.022079749032855034], [0.0, 0.0, 0.0, 1.0]], null, null, null, null, null, null, null, null, null, null, null, null, null, null, null, null, null, null, null, null]}, "1-14-11": {"poses_world": [null, null, null, null, null, null, null, null, null, null, null, null, null, null, null, null, null, null, null, null, null, null, null, null, null, null, null, null, null, null, null, null, null, null, null, null, null, null, null, [[-0.37894606590270996, -0.9254186153411865, -0.0004000611952506006, 0.03442167490720749], [-0.9254169464111328, 0.37894463539123535, 0.0020867593120783567, 0.0482107512652874], [-0.0017795248422771692, 0.0011609928915277123, -0.999997615814209, 0.03578396141529083], [0.0, 0.0, 0.0, 1.0]], null, null, null, null, null, null, null, null, null, null, null, [[0.6860039234161377, 0.7275412678718567, -0.009074363857507706, 0.14170171320438385], [-0.7275764346122742, 0.6860259771347046, -0.0008913788478821516, 0.28020814061164856], [0.005576734431087971, 0.007213783450424671, 0.9999584555625916, 0.009534716606140137], [0.0, 0.0, 0.0, 1.0]], [[-0.9993054866790771, 0.03726079687476158, -2.7314332328387536e-05, 0.04156643897294998], [0.03726078197360039, 0.9993054866790771, 0.0003860538708977401, -0.35089215636253357], [4.16800394305028e-05, 0.0003847680054605007, -0.9999997615814209, 0.028667638078331947], [0.0, 0.0, 0.0, 1.0]], null, null, null, null, [[0.9750214219093323, 0.222098708152771, 0.0023250910453498363, 0.13468581438064575], [0.22210291028022766, -0.975021481513977, -0.0017371757421642542, -0.3799833655357361], [0.0018811896443367004, 0.002210193080827594, -0.9999955892562866, 0.0074149807915091515], [0.0, 0.0, 0.0, 1.0]], [[-0.8653931617736816, 0.0007141232490539551, -0.5010930299758911, 0.13872994482517242], [0.501093327999115, 0.00030434131622314453, -0.8653931617736816, 0.15804173052310944], [-0.0004654824733734131, -0.9999996423721313, -0.0006211996078491211, 0.024409370496869087], [0.0, 0.0, 0.0, 1.0]], null, null, null, null, null, null, null, null, null, null, null, null, null, null, null, null, null, null, null, null]}, "1-15-10": {"poses_world": [null, null, null, null, null, null, null, null, null, null, null, null, null, null, null, null, null, null, null, null, null, null, null, null, null, null, null, null, null, null, null, null, null, null, null, null, null, null, null, [[-0.273990273475647, -0.9617322683334351, 0.0006465631304308772, -0.012860841117799282], [-0.9617315530776978, 0.2739908695220947, 0.0012179045006632805, -0.004715696908533573], [-0.0013484504306688905, -0.0002881261461880058, -0.9999990463256836, 0.035502973943948746], [0.0, 0.0, 0.0, 1.0]], null, null, null, null, null, null, null, null, null, null, null, [[-0.8676060438156128, -0.49721118807792664, -0.006343591958284378, -0.06116507947444916], [0.4972323477268219, -0.8676141500473022, -0.0022589601576328278, 0.15054404735565186], [-0.004380611702799797, -0.005114127416163683, 0.9999773502349854, 0.01031892467290163], [0.0, 0.0, 0.0, 1.0]], [[-0.9174847602844238, 0.3977675437927246, 0.001455684076063335, -0.03027525171637535], [0.39776861667633057, 0.9174855947494507, 0.0005141495494171977, -0.3101291358470917], [-0.0011310571571812034, 0.0010507500264793634, -0.9999984502792358, 0.028014594689011574], [0.0, 0.0, 0.0, 1.0]], null, null, null, null, [[0.9845328330993652, 0.17519345879554749, 0.0015435190871357918, 0.0311741940677166], [0.17519733309745789, -0.9845288991928101, -0.002907089190557599, -0.21894396841526031], [0.0010103362146764994, 0.003132545156404376, -0.9999943971633911, 0.007797189988195896], [0.0, 0.0, 0.0, 1.0]], [[-0.9845695495605469, 0.0057195499539375305, 0.17489951848983765, 0.12145931273698807], [-0.17487752437591553, 0.004145979881286621, -0.9845813512802124, -0.3687451183795929], [-0.006356477737426758, -0.9999749660491943, -0.0030815601348876953, 0.02325890026986599], [0.0, 0.0, 0.0, 1.0]], null, null, null, null, null, null, null, null, null, null, null, null, null, null, null, null, null, null, null, null]}, "1-15-11": {"poses_world": [null, null, null, null, null, null, null, null, null, null, null, null, null, null, null, null, null, null, null, null, null, null, null, null, null, null, null, null, null, null, null, null, null, null, null, null, null, null, null, [[-0.9050582647323608, 0.42520684003829956, 0.008268358185887337, -0.074188232421875], [0.4252094030380249, 0.9050936698913574, -0.0015298621729016304, -0.1954685002565384], [-0.00813414715230465, 0.0021311696618795395, -0.9999644756317139, 0.03688451647758484], [0.0, 0.0, 0.0, 1.0]], null, null, null, null, null, null, null, null, null, null, null, [[-0.8419569730758667, 0.5395321249961853, 0.0036505828611552715, 0.2674643397331238], [-0.5395382046699524, -0.8419604301452637, -0.0008776767062954605, 0.3036535680294037], [0.0026001124642789364, -0.002708595246076584, 0.9999929666519165, 0.010754875838756561], [0.0, 0.0, 0.0, 1.0]], [[-0.7351919412612915, 0.6778563261032104, 0.001923290197737515, 0.2062344253063202], [0.6778577566146851, 0.7351820468902588, 0.004028437193483114, 0.07964953780174255], [0.001316733076237142, 0.004265391733497381, -0.9999901056289673, 0.028402743861079216], [0.0, 0.0, 0.0, 1.0]], null, null, null, null, [[0.9636871814727783, 0.26702213287353516, 0.0024819867685437202, -0.07815785706043243], [0.2670292854309082, -0.963683009147644, -0.0032218394335359335, 0.25634440779685974], [0.0015315460041165352, 0.003767608432099223, -0.999991774559021, 0.008514375425875187], [0.0, 0.0, 0.0, 1.0]], [[0.17563748359680176, -0.004166126251220703, -0.9844460487365723, 0.24915800988674164], [0.9844489097595215, 0.004216432571411133, 0.17562007904052734, -0.34304219484329224], [0.00341913104057312, -0.9999823570251465, 0.004842042922973633, 0.024045785889029503], [0.0, 0.0, 0.0, 1.0]], null, null, null, null, null, null, null, null, null, null, null, null, null, null, null, null, null, null, null, null]}, "1-16-10": {"poses_world": [null, null, null, null, null, null, null, null, null, null, null, null, null, null, null, null, null, null, null, null, null, null, null, null, null, null, null, null, null, null, null, null, null, null, null, null, null, null, null, [[-0.2239316701889038, -0.9746038317680359, -0.001351956045255065, 0.27328991889953613], [-0.9746037125587463, 0.22392922639846802, 0.0017892721807584167, -0.05411973595619202], [-0.001441089203581214, 0.0017182963201776147, -0.9999973773956299, 0.03639424592256546], [0.0, 0.0, 0.0, 1.0]], null, null, null, null, null, null, null, null, null, null, null, [[-0.981123685836792, -0.1933804452419281, -0.0006558747263625264, -0.07428523898124695], [0.19338124990463257, -0.9811224937438965, -0.0015500381123274565, -0.12208248674869537], [-0.0003437463892623782, -0.0016476127784699202, 0.9999985694885254, 0.011714852415025234], [0.0, 0.0, 0.0, 1.0]], [[-0.7848973274230957, 0.619623064994812, 0.0019057468743994832, -0.06026468425989151], [0.6196259260177612, 0.7848915457725525, 0.003001576755195856, 0.07752972096204758], [0.0003640413051471114, 0.003536779433488846, -0.9999938011169434, 0.028878701850771904], [0.0, 0.0, 0.0, 1.0]], null, null, null, null, [[0.9718220233917236, 0.2357001006603241, 0.0027179280295968056, -0.07283119112253189], [0.23570853471755981, -0.9718178510665894, -0.0033718757331371307, 0.19220343232154846], [0.00184657983481884, 0.003917501773685217, -0.9999905824661255, 0.009039037860929966], [0.0, 0.0, 0.0, 1.0]], [[-0.9301286935806274, 0.009724810719490051, -0.3671046495437622, -0.04560305178165436], [0.3671379089355469, 0.0018265843391418457, -0.9301646947860718, -0.2766800820827484], [-0.0083751380443573, -0.9999510049819946, -0.005269169807434082, 0.02189728058874607], [0.0, 0.0, 0.0, 1.0]], null, null, null, null, null, null, null, null, null, null, null, null, null, null, null, null, null, null, null, null]}, "1-16-11": {"poses_world": [null, null, null, null, null, null, null, null, null, null, null, null, null, null, null, null, null, null, null, null, null, null, null, null, null, null, null, null, null, null, null, null, null, null, null, null, null, null, null, [[-0.3688884973526001, -0.9294735789299011, 6.370141636580229e-05, 0.206173837184906], [-0.929470956325531, 0.368887722492218, 0.0023594920057803392, 0.14568041265010834], [-0.002216584049165249, 0.0008111810311675072, -0.9999971389770508, 0.03538363426923752], [0.0, 0.0, 0.0, 1.0]], null, null, null, null, null, null, null, null, null, null, null, [[-0.3203209638595581, 0.9473088383674622, 0.00045298796612769365, 0.2619979977607727], [-0.9473087191581726, -0.3203204870223999, -0.0009043373866006732, 0.09032868593931198], [-0.0007115855114534497, -0.0007187977898865938, 0.999999463558197, 0.010135646909475327], [0.0, 0.0, 0.0, 1.0]], [[-0.9600419998168945, -0.2798490524291992, 0.0020848321728408337, -0.06500178575515747], [-0.279845654964447, 0.9600433707237244, 0.001790014561265707, 0.27122578024864197], [-0.0025024632923305035, 0.0011350575368851423, -0.999996542930603, 0.028503241017460823], [0.0, 0.0, 0.0, 1.0]], null, null, null, null, [[0.9418323040008545, 0.336074560880661, 0.0024048227351158857, 0.00679645873606205], [0.336079865694046, -0.9418305158615112, -0.0023061896208673716, 0.2594153881072998], [0.0014898839872330427, 0.0029802562203258276, -0.9999943971633911, 0.007985261268913746], [0.0, 0.0, 0.0, 1.0]], [[-0.7167575359344482, 0.002165377140045166, 0.6973190307617188, -0.05047905445098877], [-0.6973156332969666, -0.006620883941650391, -0.716733455657959, 0.19786524772644043], [0.0030649006366729736, -0.9999756813049316, 0.006255686283111572, 0.02295210398733616], [0.0, 0.0, 0.0, 1.0]], null, null, null, null, null, null, null, null, null, null, null, null, null, null, null, null, null, null, null, null]}, "1-17-10": {"poses_world": [null, null, null, null, null, null, null, null, null, null, null, null, null, null, null, null, null, null, null, null, null, null, null, null, null, null, null, null, null, null, null, null, null, null, null, null, null, null, null, [[-0.2902407646179199, -0.9569531679153442, -0.0009621336357668042, -0.02264164760708809], [-0.9569535255432129, 0.2902400493621826, 0.0007838838500902057, 0.06987147778272629], [-0.00047089040162973106, 0.0011482322588562965, -0.9999992847442627, 0.03624231740832329], [0.0, 0.0, 0.0, 1.0]], null, null, null, null, null, null, null, null, null, null, null, [[-0.9997255802154541, -0.023421289399266243, -0.0007657864480279386, 0.2722252905368805], [0.02342650108039379, -0.9996960163116455, -0.007704196497797966, -0.28515103459358215], [-0.0005851113819517195, -0.007720020599663258, 0.999970018863678, 0.010842474177479744], [0.0, 0.0, 0.0, 1.0]], [[-0.9563478231430054, 0.2922319173812866, -0.0003923730691894889, 0.2599281072616577], [0.29223203659057617, 0.9563474059104919, -0.0002976674004457891, -0.0281134732067585], [0.00028825708432123065, -0.0003993374411948025, -1.000000238418579, 0.030785156413912773], [0.0, 0.0, 0.0, 1.0]], null, null, null, null, [[0.9860426783561707, 0.16648438572883606, 0.0016850869869813323, -0.08447384834289551], [0.16648975014686584, -0.986035943031311, -0.0038248207420110703, -0.33006808161735535], [0.0010247832396999002, 0.004051986150443554, -0.9999914169311523, 0.007585261948406696], [0.0, 0.0, 0.0, 1.0]], [[-0.9654431343078613, 0.009227544069290161, -0.26045066118240356, -0.044094517827034], [0.26048654317855835, 0.0029066801071166992, -0.9654731154441833, -0.1852993220090866], [-0.008151903748512268, -0.9999532103538513, -0.005209922790527344, 0.02298618294298649], [0.0, 0.0, 0.0, 1.0]], null, null, null, null, null, null, null, null, null, null, null, null, null, null, null, null, null, null, null, null]}, "1-17-11": {"poses_world": [null, null, null, null, null, null, null, null, null, null, null, null, null, null, null, null, null, null, null, null, null, null, null, null, null, null, null, null, null, null, null, null, null, null, null, null, null, null, null, [[-0.3387777805328369, -0.9408664703369141, 3.606162499636412e-05, 0.27398034930229187], [-0.940863847732544, 0.3387768864631653, 0.0023543480783700943, 0.18123343586921692], [-0.002227344084531069, 0.0007636717054992914, -0.9999973773956299, 0.03662227839231491], [0.0, 0.0, 0.0, 1.0]], null, null, null, null, null, null, null, null, null, null, null, [[0.5621485114097595, 0.8270233273506165, -0.004632028751075268, 0.26429814100265503], [-0.8270363211631775, 0.5621410608291626, -0.0029018311761319637, 0.10457874834537506], [0.0002039717510342598, 0.0054621160961687565, 0.9999850392341614, 0.010085810907185078], [0.0, 0.0, 0.0, 1.0]], [[-0.999924898147583, -0.012250899337232113, 0.0006569299730472267, -0.07063430547714233], [-0.012250703759491444, 0.999924898147583, 0.00030007617897354066, -0.2371160387992859], [-0.0006605568923987448, 0.0002920057449955493, -1.0, 0.02863886021077633], [0.0, 0.0, 0.0, 1.0]], null, null, null, null, [[0.976157546043396, 0.21704374253749847, 0.002909180475398898, -0.08410025388002396], [0.21705295145511627, -0.9761539697647095, -0.0033500855788588524, 0.13625405728816986], [0.0021126933861523867, 0.003901657648384571, -0.9999899864196777, 0.008756824769079685], [0.0, 0.0, 0.0, 1.0]], [[-0.9981644153594971, -0.0015881434082984924, 0.06054577976465225, 0.19530262053012848], [-0.06054491549730301, -0.0005865097045898438, -0.9981654286384583, 0.058344319462776184], [0.0016207359731197357, -0.9999987483024597, 0.0004890561103820801, 0.0242582056671381], [0.0, 0.0, 0.0, 1.0]], null, null, null, null, null, null, null, null, null, null, null, null, null, null, null, null, null, null, null, null]}, "1-18-10": {"poses_world": [null, null, null, null, null, null, null, null, null, null, null, null, null, null, null, null, null, null, null, null, null, null, null, null, null, null, null, null, null, null, null, null, null, null, null, null, null, null, null, [[-0.6416499614715576, -0.7669928669929504, 0.0027127224020659924, -0.014453008770942688], [-0.7669973969459534, 0.6416487097740173, -0.0014045203570276499, 0.09358381479978561], [-0.0006633576704189181, -0.0029818613547831774, -0.9999953508377075, 0.03586447238922119], [0.0, 0.0, 0.0, 1.0]], null, null, null, null, null, null, null, null, null, null, null, [[0.141726553440094, 0.9897689819335938, -0.016457565128803253, -0.06933922320604324], [-0.9898627996444702, 0.14185583591461182, 0.006965487729758024, 0.1330326944589615], [0.009228825569152832, 0.015303537249565125, 0.9998403191566467, 0.013107044622302055], [0.0, 0.0, 0.0, 1.0]], [[-0.6161936521530151, -0.7875897884368896, 0.002790656639263034, 0.2570694386959076], [-0.7875876426696777, 0.616199254989624, 0.00204905541613698, -0.23965686559677124], [-0.0033334156032651663, -0.0009352719062007964, -0.9999940395355225, 0.029349861666560173], [0.0, 0.0, 0.0, 1.0]], null, null, null, null, [[0.983201801776886, 0.18251220881938934, 0.0018834727816283703, -0.0394974946975708], [0.1825174242258072, -0.9831976890563965, -0.0031202619429677725, -0.17849913239479065], [0.0012823401484638453, 0.0034116136375814676, -0.9999933242797852, 0.008265753276646137], [0.0, 0.0, 0.0, 1.0]], [[-0.9988071918487549, -0.00027520