{"1-1-1": {"poses_world": [null, null, null, null, null, null, null, null, null, null, null, null, null, null, null, null, null, null, null, null, null, null, null, null, null, null, null, null, null, null, null, null, null, null, null, [[-0.26530539989471436, 0.9641591906547546, -0.0031592294108122587, 0.09193151444196701], [0.9641606211662292, 0.26531219482421875, 0.001896986155770719, -0.02275177277624607], [0.0026671786326915026, -0.0025427239015698433, -0.999993085861206, 0.013867001049220562], [0.0, 0.0, 0.0, 1.0]], null, null, null, [[-0.2045217752456665, -0.9788609743118286, -0.0013323280727490783, 0.1016431450843811], [-0.9788618087768555, 0.20452141761779785, 0.0006014850223436952, -0.0013285379391163588], [-0.00031628075521439314, 0.0014271821128204465, -0.9999986886978149, 0.06404807418584824], [0.0, 0.0, 0.0, 1.0]], null, null, null, null, null, null, null, null, [[-0.011682748794555664, 0.9999315738677979, -0.00013531462172977626, -0.04859938099980354], [0.9999314546585083, 0.011683166027069092, 0.0005923309945501387, -0.15618008375167847], [0.0005938714602962136, -0.00012838520342484117, -0.9999995231628418, 0.044006768614053726], [0.0, 0.0, 0.0, 1.0]], null, null, [[-0.9763932228088379, -0.21599791944026947, -0.0010093209566548467, -0.06848795711994171], [0.21599708497524261, -0.9763935804367065, 0.0008661193423904479, -0.2989204227924347], [-0.0011725745862349868, 0.000627662695478648, 0.9999991059303284, 0.012060021050274372], [0.0, 0.0, 0.0, 1.0]], null, null, null, null, null, null, [[-0.9586976766586304, 0.000902131199836731, 0.2844257950782776, 0.0928143784403801], [-0.2844259738922119, -5.555152893066406e-05, -0.958698034286499, -0.11723004281520844], [-0.0008490979671478271, -0.9999996423721313, 0.00030982494354248047, 0.02421424351632595], [0.0, 0.0, 0.0, 1.0]], null, null, null, null, null, null, null, null, null, null, null, null, null, null, null, null, null, null, null, null]}, "1-2-1": {"poses_world": [null, null, null, null, null, null, null, null, null, null, null, null, null, null, null, null, null, null, null, null, null, null, null, null, null, null, null, null, null, null, null, null, null, null, null, [[-0.8504805564880371, 0.5260061621665955, -0.0008537017274647951, 0.16220951080322266], [0.5260064005851746, 0.8504806160926819, -7.72383064031601e-05, -0.08445671200752258], [0.0006854289676994085, -0.0005147422198206186, -0.9999998807907104, 0.015498743392527103], [0.0, 0.0, 0.0, 1.0]], null, null, null, [[-0.1472618579864502, -0.9890947341918945, -0.0023862398229539394, -0.001727750524878502], [-0.9890975952148438, 0.14726197719573975, 8.693954441696405e-05, -0.23656733334064484], [0.0002654111012816429, 0.0023730266839265823, -0.9999972581863403, 0.036179788410663605], [0.0, 0.0, 0.0, 1.0]], null, null, null, null, null, null, null, null, [[-0.15362095832824707, 0.9881280660629272, -0.0018817874370142817, 0.19931000471115112], [0.9881291389465332, 0.15362292528152466, 0.0009305340936407447, -0.2237992286682129], [0.0012085725320503116, -0.0017164993332698941, -0.9999978542327881, 0.04295939579606056], [0.0, 0.0, 0.0, 1.0]], null, null, [[-0.9092426300048828, 0.41626209020614624, 0.0019243822898715734, -0.04944020137190819], [-0.4162665009498596, -0.9092315435409546, -0.004509882535785437, 0.32779890298843384], [-0.00012758426601067185, -0.004901633132249117, 0.9999879598617554, 0.010389652103185654], [0.0, 0.0, 0.0, 1.0]], null, null, null, null, null, null, [[-0.013548612594604492, 0.005057424306869507, -0.9998953342437744, -0.07864546030759811], [0.9998797178268433, -0.007463335990905762, -0.013586252927780151, 0.21377241611480713], [-0.00753137469291687, -0.9999592304229736, -0.004955649375915527, 0.023100631311535835], [0.0, 0.0, 0.0, 1.0]], null, null, null, null, null, null, null, null, null, null, null, null, null, null, null, null, null, null, null, null]}, "1-3-1": {"poses_world": [null, null, null, null, null, null, null, null, null, null, null, null, null, null, null, null, null, null, null, null, null, null, null, null, null, null, null, null, null, null, null, null, null, null, null, [[-0.5549086332321167, 0.8319073915481567, -0.002504350384697318, 0.14443926513195038], [0.8319085836410522, 0.5549119710922241, 0.0008070854819379747, 0.09813030064105988], [0.002061114413663745, -0.0016355321276932955, -0.9999964237213135, 0.01513285469263792], [0.0, 0.0, 0.0, 1.0]], null, null, null, [[-0.7085720300674438, -0.7056209444999695, 0.00495542585849762, 0.23965968191623688], [-0.7056120038032532, 0.7085888385772705, 0.0036734621971845627, 0.37277650833129883], [-0.006103431805968285, -0.0008936953963711858, -0.9999809265136719, 0.035201042890548706], [0.0, 0.0, 0.0, 1.0]], null, null, null, null, null, null, null, null, [[0.0261002779006958, 0.9996585249900818, -0.0012584024807438254, 0.16465845704078674], [0.9996588826179504, -0.026098966598510742, 0.001025355071760714, -0.3739160895347595], [0.0009921620367094874, -0.0012847351608797908, -0.9999986886978149, 0.05226389691233635], [0.0, 0.0, 0.0, 1.0]], null, null, [[-0.9992786645889282, 0.03794335573911667, -0.0016681565903127193, -0.07846176624298096], [-0.03792903572320938, -0.9992493391036987, -0.00791071355342865, 0.3704596757888794], [-0.0019670629408210516, -0.00784173421561718, 0.9999673366546631, 0.010815414600074291], [0.0, 0.0, 0.0, 1.0]], null, null, null, null, null, null, [[-0.9999828338623047, 0.005781872197985649, -0.0010647920425981283, 0.1635463982820511], [0.0010863542556762695, 0.003727436065673828, -0.9999924898147583, -0.32149219512939453], [-0.005777860060334206, -0.999976396560669, -0.0037337541580200195, 0.023761572316288948], [0.0, 0.0, 0.0, 1.0]], null, null, null, null, null, null, null, null, null, null, null, null, null, null, null, null, null, null, null, null]}, "1-4-1": {"poses_world": [null, null, null, null, null, null, null, null, null, null, null, null, null, null, null, null, null, null, null, null, null, null, null, null, null, null, null, null, null, null, null, null, null, null, null, [[-0.4675719738006592, 0.8839547038078308, -0.00047972460743039846, 0.004085814580321312], [0.8839520812034607, 0.4675719738006592, 0.002253876533359289, -0.30928555130958557], [0.0022166306152939796, 0.000629796355497092, -0.9999971389770508, 0.0143857067450881], [0.0, 0.0, 0.0, 1.0]], null, null, null, [[0.717657208442688, 0.6963710784912109, -0.0059511614963412285, -0.050883207470178604], [0.6963255405426025, -0.7176797389984131, -0.008143008686602116, 0.01004366297274828], [-0.009941584430634975, 0.001699942396953702, -0.9999490976333618, 0.03680873289704323], [0.0, 0.0, 0.0, 1.0]], null, null, null, null, null, null, null, null, [[-0.5980930328369141, 0.8014258146286011, -0.0012948154471814632, 0.09190769493579865], [0.8014267683029175, 0.5980913639068604, -0.0013846398796886206, -0.3423950672149658], [-0.00033526800689287484, -0.0018658428452908993, -0.9999983310699463, 0.062056660652160645], [0.0, 0.0, 0.0, 1.0]], null, null, [[-0.8539259433746338, -0.520356297492981, -0.0063067409209907055, -0.031168777495622635], [0.5203851461410522, -0.853920578956604, -0.004355160519480705, 0.33940210938453674], [-0.0031192204914987087, -0.007000919431447983, 0.9999706149101257, 0.00858328677713871], [0.0, 0.0, 0.0, 1.0]], null, null, null, null, null, null, [[-0.9989707469940186, -0.003459993749856949, 0.04522448405623436, 0.10531753301620483], [-0.04521704092621803, -0.0021997690200805664, -0.9989746809005737, 0.23882099986076355], [0.003555934876203537, -0.9999915361404419, 0.0020412802696228027, 0.023043317720294], [0.0, 0.0, 0.0, 1.0]], null, null, null, null, null, null, null, null, null, null, null, null, null, null, null, null, null, null, null, null]}, "1-5-1": {"poses_world": [null, null, null, null, null, null, null, null, null, null, null, null, null, null, null, null, null, null, null, null, null, null, null, null, null, null, null, null, null, null, null, null, null, null, null, [[-0.9996641874313354, 0.025924211367964745, -9.351313201477751e-05, -0.026282010599970818], [0.025923313573002815, 0.9996490478515625, 0.005457751918584108, -0.3756439685821533], [0.00023496817448176444, 0.005453492980450392, -0.9999853372573853, 0.015016554854810238], [0.0, 0.0, 0.0, 1.0]], null, null, null, [[-0.21582865715026855, -0.9764304757118225, -0.001083775656297803, 0.15059372782707214], [-0.976430356502533, 0.21582716703414917, 0.0015024443855509162, -0.05818048119544983], [-0.001233124639838934, 0.0013825023779645562, -0.9999980926513672, 0.03563869744539261], [0.0, 0.0, 0.0, 1.0]], null, null, null, null, null, null, null, null, [[0.9171237945556641, -0.39860060811042786, 0.0012161050690338016, 0.21713200211524963], [-0.3986000716686249, -0.91710364818573, 0.006265354808419943, -0.21561560034751892], [-0.0013820797903463244, -0.006230845581740141, -0.9999798536300659, 0.04455802962183952], [0.0, 0.0, 0.0, 1.0]], null, null, [[-0.8869595527648926, 0.4618469774723053, -0.00020111538469791412, 0.09182101488113403], [-0.46181777119636536, -0.8869081735610962, -0.010869329795241356, -0.027756337076425552], [-0.005198338069021702, -0.009547777473926544, 0.9999409317970276, 0.01057368889451027], [0.0, 0.0, 0.0, 1.0]], null, null, null, null, null, null, [[0.47901272773742676, 0.0014023780822753906, -0.8778067827224731, 0.18230478465557098], [0.8778039813041687, -0.0037769079208374023, 0.4790051281452179, 0.1636936515569687], [-0.002643674612045288, -0.9999918937683105, -0.0030401945114135742, 0.02238657884299755], [0.0, 0.0, 0.0, 1.0]], null, null, null, null, null, null, null, null, null, null, null, null, null, null, null, null, null, null, null, null]}, "1-6-1": {"poses_world": [null, null, null, null, null, null, null, null, null, null, null, null, null, null, null, null, null, null, null, null, null, null, null, null, null, null, null, null, null, null, null, null, null, null, null, [[-0.8356785774230957, -0.5492163896560669, -0.0017022270476445556, 0.04016595333814621], [-0.5492188930511475, 0.8356760144233704, 0.0020421899389475584, 0.218851238489151], [0.00030090624932199717, 0.0026415095198899508, -0.9999966621398926, 0.01372870896011591], [0.0, 0.0, 0.0, 1.0]], null, null, null, [[-0.2318868637084961, -0.9727420806884766, -0.0012333987979218364, 0.22769588232040405], [-0.972741961479187, 0.2318846583366394, 0.001641121692955494, -0.028330594301223755], [-0.0013103816891089082, 0.0015803331043571234, -0.9999979734420776, 0.03572431206703186], [0.0, 0.0, 0.0, 1.0]], null, null, null, null, null, null, null, null, [[0.21099281311035156, 0.9774866700172424, -0.0013291344512254, 0.10784019529819489], [0.9774875044822693, -0.21099305152893066, -5.24790957570076e-05, 0.05943571776151657], [-0.00033173576230183244, -0.0012881396105512977, -0.9999990463256836, 0.044344209134578705], [0.0, 0.0, 0.0, 1.0]], null, null, [[-0.970787525177002, 0.23994046449661255, 0.000422243116190657, 0.12011979520320892], [-0.2399405837059021, -0.9707825183868408, -0.0031434940174221992, 0.3641868829727173], [-0.0003443452005740255, -0.003152978140860796, 0.9999949932098389, 0.009985992684960365], [0.0, 0.0, 0.0, 1.0]], null, null, null, null, null, null, [[-0.3348029851913452, 0.004838705062866211, -0.9422757625579834, -0.062137067317962646], [0.9422663450241089, -0.005095005035400391, -0.334825724363327, -0.25307056307792664], [-0.006420999765396118, -0.999975323677063, -0.0028536319732666016, 0.02208043448626995], [0.0, 0.0, 0.0, 1.0]], null, null, null, null, null, null, null, null, null, null, null, null, null, null, null, null, null, null, null, null]}, "1-7-1": {"poses_world": [null, null, null, null, null, null, null, null, null, null, null, null, null, null, null, null, null, null, null, null, null, null, null, null, null, null, null, null, null, null, null, null, null, null, null, [[-0.0023020505905151367, 0.9999958872795105, -0.0017958921380341053, 0.27419984340667725], [0.9999932646751404, 0.0023068785667419434, 0.0028946567326784134, -0.11139043420553207], [0.0028987876139581203, -0.0017892168834805489, -0.9999945163726807, 0.014844800345599651], [0.0, 0.0, 0.0, 1.0]], null, null, null, [[-0.39962708950042725, -0.9166776537895203, -0.0003203618398401886, -0.07442689687013626], [-0.9166775345802307, 0.3996269106864929, 0.0007093764143064618, -0.11892153322696686], [-0.0005222443724051118, 0.0005771545693278313, -0.9999996423721313, 0.03721660375595093], [0.0, 0.0, 0.0, 1.0]], null, null, null, null, null, null, null, null, [[0.342836856842041, 0.9393922090530396, -0.0022986014373600483, 0.10263301432132721], [0.9393950700759888, -0.3428359031677246, 0.0009395930101163685, 0.2857702374458313], [9.460363071411848e-05, -0.002481421921402216, -0.9999971389770508, 0.047035884112119675], [0.0, 0.0, 0.0, 1.0]], null, null, [[0.5870146155357361, 0.8095157146453857, -0.009905697777867317, -0.06588023900985718], [-0.8095571994781494, 0.5870408415794373, -0.0003171605058014393, 0.0907616913318634], [0.005558301694691181, 0.008205408230423927, 0.9999508857727051, 0.010092886164784431], [0.0, 0.0, 0.0, 1.0]], null, null, null, null, null, null, [[-0.9134824275970459, -0.0011848211288452148, 0.4068757891654968, 0.15669769048690796], [-0.40687310695648193, -0.0019800662994384766, -0.9134823679924011, 0.2348928600549698], [0.0018880218267440796, -0.9999971985816956, 0.0013269782066345215, 0.02337680198252201], [0.0, 0.0, 0.0, 1.0]], null, null, null, null, null, null, null, null, null, null, null, null, null, null, null, null, null, null, null, null]}, "1-8-1": {"poses_world": [null, null, null, null, null, null, null, null, null, null, null, null, null, null, null, null, null, null, null, null, null, null, null, null, null, null, null, null, null, null, null, null, null, null, null, [[-0.6031724214553833, -0.797610342502594, -0.0010582698741927743, 0.14160528779029846], [-0.7976104617118835, 0.6031696796417236, 0.0019979788921773434, 0.020710470154881477], [-0.0009552918490953743, 0.00204921280965209, -0.999997615814209, 0.014715476892888546], [0.0, 0.0, 0.0, 1.0]], null, null, null, [[-0.34063124656677246, -0.9401970505714417, 5.057582166045904e-05, 0.06565047800540924], [-0.9401949048042297, 0.3406304717063904, 0.0021060011349618435, 0.2159796804189682], [-0.001997283659875393, 0.0006698184879496694, -0.9999978542327881, 0.03546755760908127], [0.0, 0.0, 0.0, 1.0]], null, null, null, null, null, null, null, null, [[0.8881423473358154, -0.4595640003681183, 0.002021186985075474, -0.0319986566901207], [-0.4595640003681183, -0.8881057500839233, 0.008309764787554741, -0.11503028869628906], [-0.0020238407887518406, -0.008309118449687958, -0.9999634027481079, 0.04430733248591423], [0.0, 0.0, 0.0, 1.0]], null, null, [[-0.6636062860488892, 0.748059093952179, 0.005869550164788961, 0.2402544468641281], [-0.7480819821357727, -0.6635900735855103, -0.004663113038986921, 0.3338468670845032], [0.00040669040754437447, -0.00748537527397275, 0.9999719262123108, 0.010388243943452835], [0.0, 0.0, 0.0, 1.0]], null, null, null, null, null, null, [[-0.46189212799072266, 0.0028205513954162598, -0.8869317770004272, -0.057593151926994324], [0.8869344592094421, -0.0005657672882080078, -0.4618951082229614, 0.05131305754184723], [-0.0018045008182525635, -0.9999959468841553, -0.002240419387817383, 0.02346491627395153], [0.0, 0.0, 0.0, 1.0]], null, null, null, null, null, null, null, null, null, null, null, null, null, null, null, null, null, null, null, null]}, "1-9-1": {"poses_world": [null, null, null, null, null, null, null, null, null, null, null, null, null, null, null, null, null, null, null, null, null, null, null, null, null, null, null, null, null, null, null, null, null, null, null, [[-0.8190168142318726, -0.5737684369087219, -0.0011625669430941343, 0.1375114768743515], [-0.5737693905830383, 0.8190129995346069, 0.0025252930354326963, 0.2729584276676178], [-0.0004967758432030678, 0.0027353025507181883, -0.9999961853027344, 0.013739041052758694], [0.0, 0.0, 0.0, 1.0]], null, null, null, [[-0.07444369792938232, -0.9972231984138489, -0.0019368582870811224, -0.07135617733001709], [-0.9972248673439026, 0.07444244623184204, 0.0008652858668938279, -0.3748096823692322], [-0.0007186991279013455, 0.0019958983175456524, -0.9999973773956299, 0.03671594336628914], [0.0, 0.0, 0.0, 1.0]], null, null, null, null, null, null, null, null, [[-0.5859105587005615, 0.8103740215301514, -0.001702937064692378, 0.1885407418012619], [0.8103756904602051, 0.5859102606773376, -0.0006600508349947631, -0.14345386624336243], [0.00046288035809993744, -0.0017667494248598814, -0.9999984502792358, 0.04543611779808998], [0.0, 0.0, 0.0, 1.0]], null, null, [[0.6280312538146973, 0.7780746817588806, -0.01328576635569334, 0.09343254566192627], [-0.7781491875648499, 0.6280790567398071, -0.0007151439785957336, 0.3145853579044342], [0.007788076065480709, 0.01078744139522314, 0.9999114871025085, 0.01115640252828598], [0.0, 0.0, 0.0, 1.0]], null, null, null, null, null, null, [[-0.1536998748779297, -0.0038766860961914062, -0.988109827041626, 0.26868581771850586], [0.9881085157394409, 0.003653883934020996, -0.15371417999267578, -0.06507802754640579], [0.004206210374832153, -0.9999856948852539, 0.0032690763473510742, 0.023560957983136177], [0.0, 0.0, 0.0, 1.0]], null, null, null, null, null, null, null, null, null, null, null, null, null, null, null, null, null, null, null, null]}, "1-10-1": {"poses_world": [null, null, null, null, null, null, null, null, null, null, null, null, null, null, null, null, null, null, null, null, null, null, null, null, null, null, null, null, null, null, null, null, null, null, null, [[-0.9434489011764526, 0.33150988817214966, 0.002143902238458395, 0.10248377919197083], [0.3315144181251526, 0.9434473514556885, 0.0023021562956273556, -0.29662734270095825], [-0.0012594710569828749, 0.002882702276110649, -0.9999946355819702, 0.01547007355839014], [0.0, 0.0, 0.0, 1.0]], null, null, null, [[-0.3128122091293335, -0.9498149752616882, -0.00012009742204099894, 0.27324143052101135], [-0.9498124718666077, 0.31281113624572754, 0.0023125435691326857, 0.14351747930049896], [-0.002158920746296644, 0.0008374620229005814, -0.9999972581863403, 0.03661024197936058], [0.0, 0.0, 0.0, 1.0]], null, null, null, null, null, null, null, null, [[0.6263422966003418, 0.7795450091362, -0.0022082002833485603, -0.048189420253038406], [0.7795456051826477, -0.6263304948806763, 0.004349709954112768, 0.11030564457178116], [0.0020077317021787167, -0.004445800092071295, -0.9999881982803345, 0.04326004162430763], [0.0, 0.0, 0.0, 1.0]], null, null, [[-0.387345552444458, 0.9219345450401306, 0.0005392455495893955, 0.15570251643657684], [-0.9219346642494202, -0.3873453140258789, -0.00046770457993261516, 0.19403882324695587], [-0.00022231877665035427, -0.0006783123826608062, 0.9999997615814209, 0.010015459731221199], [0.0, 0.0, 0.0, 1.0]], null, null, null, null, null, null, [[-0.9966626167297363, -0.001654498279094696, 0.08161479234695435, 0.12127252668142319], [-0.0816153809428215, 0.0002931952476501465, -0.9966638088226318, 0.04716236889362335], [0.0016250498592853546, -0.9999985694885254, -0.00042724609375, 0.02407051809132099], [0.0, 0.0, 0.0, 1.0]], null, null, null, null, null, null, null, null, null, null, null, null, null, null, null, null, null, null, null, null]}, "1-11-1": {"poses_world": [null, null, null, null, null, null, null, null, null, null, null, null, null, null, null, null, null, null, null, null, null, null, null, null, null, null, null, null, null, null, null, null, null, null, null, null, null, null, null, [[0.1583496332168579, 0.9873642325401306, 0.0061063277535140514, -0.0754232183098793], [0.9873291850090027, -0.1582733392715454, -0.01142851635813713, -0.17888860404491425], [-0.010317638516426086, 0.00783865712583065, -0.9999160766601562, 0.04171684384346008], [0.0, 0.0, 0.0, 1.0]], null, null, null, null, null, null, null, null, null, null, null, [[-0.9999746084213257, -0.006746811326593161, -0.002263071481138468, -0.07800818234682083], [0.00677006458863616, -0.9999226331710815, -0.01042993739247322, 0.22156748175621033], [-0.0021925275214016438, -0.010444995015859604, 0.9999430179595947, 0.01045842096209526], [0.0, 0.0, 0.0, 1.0]], [[-0.717673659324646, -0.6963785290718079, 0.0012222698424011469, -0.020736578851938248], [-0.6963774561882019, 0.717674732208252, 0.0011912316549569368, 0.06169891357421875], [-0.001706740353256464, 3.7543941289186478e-06, -0.9999984502792358, 0.029231833294034004], [0.0, 0.0, 0.0, 1.0]], null, null, null, null, [[0.9859232306480408, 0.16718952357769012, 0.0017567381728440523, -0.08301705867052078], [0.16719482839107513, -0.9859178066253662, -0.0034960645716637373, -0.383942574262619], [0.0011474937200546265, 0.0037405688781291246, -0.9999924898147583, 0.007321159355342388], [0.0, 0.0, 0.0, 1.0]], [[-0.9214543104171753, 0.008415743708610535, -0.38839513063430786, 0.0075848703272640705], [0.38842302560806274, 0.0019182562828063965, -0.9214790463447571, -0.17538423836231232], [-0.007009908556938171, -0.9999626278877258, -0.0050362348556518555, 0.022833069786429405], [0.0, 0.0, 0.0, 1.0]], null, null, null, null, null, null, null, null, null, null, null, null, null, null, null, null, null, null, null, null]}, "1-12-1": {"poses_world": [null, null, null, null, null, null, null, null, null, null, null, null, null, null, null, null, null, null, null, null, null, null, null, null, null, null, null, null, null, null, null, null, null, null, null, null, null, null, null, [[-0.11689090728759766, -0.9931433796882629, -0.0015736648347228765, 0.27270644903182983], [-0.993143618106842, 0.11688852310180664, 0.0016310308128595352, -0.21401026844978333], [-0.0014359045308083296, 0.0017535281367599964, -0.9999971389770508, 0.03725960850715637], [0.0, 0.0, 0.0, 1.0]], null, null, null, null, null, null, null, null, null, null, null, [[-0.8954429626464844, 0.44517436623573303, -0.001370676327496767, 0.22234651446342468], [-0.4451713263988495, -0.8954135179519653, 0.007569550536572933, 0.015612471848726273], [0.0021424477454274893, 0.007388285361230373, 0.9999704360961914, 0.010216491296887398], [0.0, 0.0, 0.0, 1.0]], [[-0.8550708293914795, -0.5185036659240723, 0.002804702613502741, -0.059942394495010376], [-0.5185052156448364, 0.8550744652748108, 0.0002115644747391343, -0.05323635786771774], [-0.002507926430553198, -0.0012733502080664039, -0.9999960660934448, 0.027879951521754265], [0.0, 0.0, 0.0, 1.0]], null, null, null, null, [[0.9813039302825928, 0.1924561709165573, 0.0017864236142486334, 0.15242999792099], [0.19246025383472443, -0.9813015460968018, -0.0024948022328317165, -0.37985503673553467], [0.0012728802394121885, 0.0027919746935367584, -0.999995231628418, 0.007132266648113728], [0.0, 0.0, 0.0, 1.0]], [[-0.01953887939453125, 0.00477522611618042, -0.9997977018356323, -0.07911298424005508], [0.9997851252555847, -0.006828784942626953, -0.01957133412361145, 0.08487231284379959], [-0.006920933723449707, -0.9999653100967407, -0.004640817642211914, 0.023573441430926323], [0.0, 0.0, 0.0, 1.0]], null, null, null, null, null, null, null, null, null, null, null, null, null, null, null, null, null, null, null, null]}, "1-13-1": {"poses_world": [null, null, null, null, null, null, null, null, null, null, null, null, null, null, null, null, null, null, null, null, null, null, null, null, null, null, null, null, null, null, null, null, null, null, null, null, null, null, null, [[-0.3369978666305542, -0.9415054321289062, -2.3631262592971325e-05, 0.11114712804555893], [-0.9415035247802734, 0.3369971513748169, 0.0020184398163110018, 0.12664322555065155], [-0.0018924084724858403, 0.0007024588412605226, -0.9999978542327881, 0.036027826368808746], [0.0, 0.0, 0.0, 1.0]], null, null, null, null, null, null, null, null, null, null, null, [[-0.7605514526367188, 0.6492566466331482, 0.0052444711327552795, 0.25491562485694885], [-0.6492766737937927, -0.7605406045913696, -0.004239905625581741, 0.2057749629020691], [0.0012358459644019604, -0.0066297780722379684, 0.9999772310256958, 0.010676169767975807], [0.0, 0.0, 0.0, 1.0]], [[-0.9956101179122925, -0.09360062330961227, -3.893988105119206e-05, 0.24060127139091492], [-0.09360063821077347, 0.995609700679779, 0.0005285915685817599, 0.2994740605354309], [-1.0707569344958756e-05, 0.0005299157928675413, -1.000000238418579, 0.029086852446198463], [0.0, 0.0, 0.0, 1.0]], null, null, null, null, [[0.9824594259262085, 0.18646274507045746, 0.002251718193292618, -0.08444131910800934], [0.18646930158138275, -0.9824557304382324, -0.003172925440594554, -0.15146005153656006], [0.0016205807914957404, 0.0035371470730751753, -0.9999924898147583, 0.007651158608496189], [0.0, 0.0, 0.0, 1.0]], [[-0.8350632190704346, 0.004750609397888184, -0.550133466720581, -0.04537194222211838], [0.5501387715339661, -0.00023126602172851562, -0.8350732922554016, 0.11881638318300247], [-0.004094302654266357, -0.9999887347221375, -0.0024204254150390625, 0.023024076595902443], [0.0, 0.0, 0.0, 1.0]], null, null, null, null, null, null, null, null, null, null, null, null, null, null, null, null, null, null, null, null]}, "1-14-1": {"poses_world": [null, null, null, null, null, null, null, null, null, null, null, null, null, null, null, null, null, null, null, null, null, null, null, null, null, null, null, null, null, null, null, null, null, null, null, null, null, null, null, [[0.30164802074432373, 0.9533376097679138, 0.012486259452998638, -0.07674188166856766], [0.9534130692481995, -0.30157268047332764, -0.00759432278573513, -0.1759297400712967], [-0.0034744394943118095, 0.014195375144481659, -0.9998934268951416, 0.04983218014240265], [0.0, 0.0, 0.0, 1.0]], null, null, null, null, null, null, null, null, null, null, null, [[-0.48513102531433105, 0.8744281530380249, 0.004829390440136194, 0.02590957283973694], [-0.8744357824325562, -0.4851006269454956, -0.006276410073041916, -0.32185280323028564], [-0.0031455291900783777, -0.0072678737342357635, 0.9999686479568481, 0.010752549394965172], [0.0, 0.0, 0.0, 1.0]], [[-0.8407062292098999, -0.5414862036705017, 0.0024329046718776226, 0.0224539116024971], [-0.5414877533912659, 0.8407086133956909, 4.456203896552324e-05, 0.012060292065143585], [-0.002069493755698204, -0.0012799245305359364, -0.9999971389770508, 0.028640883043408394], [0.0, 0.0, 0.0, 1.0]], null, null, null, null, [[0.9847291707992554, 0.17408724129199982, 0.0014407145790755749, 0.20576637983322144], [0.17409063875675201, -0.9847257137298584, -0.002728625200688839, -0.38000380992889404], [0.0009436900727450848, 0.0029377718456089497, -0.9999951124191284, 0.007014867849647999], [0.0, 0.0, 0.0, 1.0]], [[-0.7575680017471313, 0.004195094108581543, -0.6527431011199951, -0.0228810366243124], [0.6527434587478638, -0.0014592409133911133, -0.7575777769088745, -0.15337331593036652], [-0.004130572080612183, -0.9999902248382568, -0.0016329288482666016, 0.02291387878358364], [0.0, 0.0, 0.0, 1.0]], null, null, null, null, null, null, null, null, null, null, null, null, null, null, null, null, null, null, null, null]}, "1-15-1": {"poses_world": [null, null, null, null, null, null, null, null, null, null, null, null, null, null, null, null, null, null, null, null, null, null, null, null, null, null, null, null, null, null, null, null, null, null, null, null, null, null, null, [[-0.11831271648406982, -0.9929741024971008, -0.0021332763135433197, 0.005682326853275299], [-0.9929762482643127, 0.11831378936767578, -0.00038658431731164455, -0.11339086294174194], [0.0006362643325701356, 0.002072554547339678, -0.999997615814209, 0.035748403519392014], [0.0, 0.0, 0.0, 1.0]], null, null, null, null, null, null, null, null, null, null, null, [[0.22751212120056152, 0.9737726449966431, -0.002259921282529831, 0.26814061403274536], [-0.9737743139266968, 0.22751444578170776, 0.0008276248117908835, -0.2282538115978241], [0.001320083043538034, 0.0020123585127294064, 0.999997079372406, 0.010588337667286396], [0.0, 0.0, 0.0, 1.0]], [[-0.7362245321273804, -0.6767337322235107, 0.0021536913700401783, -0.06077795848250389], [-0.6767326593399048, 0.7362276315689087, 0.001312848413363099, -0.061306070536375046], [-0.002474056091159582, -0.000490922131575644, -0.9999966621398926, 0.0278173740953207], [0.0, 0.0, 0.0, 1.0]], null, null, null, null, [[0.9811859726905823, 0.19304853677749634, 0.002520507201552391, -0.0013004429638385773], [0.1930556297302246, -0.9811832904815674, -0.002966515952721238, 0.001223965547978878], [0.0019003981724381447, 0.0033973020035773516, -0.9999923706054688, 0.007972241379320621], [0.0, 0.0, 0.0, 1.0]], [[-0.8866630792617798, -0.0025238394737243652, -0.4624093770980835, 0.24418765306472778], [0.46241217851638794, -0.0006337165832519531, -0.8866649270057678, 0.35683074593544006], [0.0019448250532150269, -0.9999967217445374, 0.001728832721710205, 0.023896386846899986], [0.0, 0.0, 0.0, 1.0]], null, null, null, null, null, null, null, null, null, null, null, null, null, null, null, null, null, null, null, null]}, "1-16-1": {"poses_world": [null, null, null, null, null, null, null, null, null, null, null, null, null, null, null, null, null, null, null, null, null, null, null, null, null, null, null, null, null, null, null, null, null, null, null, null, null, null, null, [[0.049832701683044434, 0.9987505078315735, 0.003782525658607483, -0.07484221458435059], [0.9986454844474792, -0.049770236015319824, -0.01517999917268753, 0.012628687545657158], [-0.014972774311900139, 0.004533863160759211, -0.9998779296875, 0.0368783175945282], [0.0, 0.0, 0.0, 1.0]], null, null, null, null, null, null, null, null, null, null, null, [[-0.5885902643203735, 0.808419942855835, 0.004333220422267914, 0.2053956687450409], [-0.8084297180175781, -0.5885690450668335, -0.005291190929710865, 0.0060297586023807526], [-0.001727105351164937, -0.0066174473613500595, 0.999976634979248, 0.010200249031186104], [0.0, 0.0, 0.0, 1.0]], [[-0.9859765768051147, 0.16688372194766998, 0.00022214771888684481, 0.2028602808713913], [0.16688384115695953, 0.9859762787818909, 0.000723073142580688, -0.36439740657806396], [-9.836324898060411e-05, 0.000750006060115993, -0.9999997615814209, 0.029214506968855858], [0.0, 0.0, 0.0, 1.0]], null, null, null, null, [[0.9824053049087524, 0.18674571812152863, 0.0024081615265458822, 0.080287404358387], [0.18675197660923004, -0.9824033975601196, -0.0027038995176553726, 0.013679370284080505], [0.0018608443206176162, 0.0031060543842613697, -0.9999934434890747, 0.007413067854940891], [0.0, 0.0, 0.0, 1.0]], [[-0.6783030033111572, 0.0027885735034942627, -0.7347768545150757, -0.050621382892131805], [0.7347776889801025, -0.0009213685989379883, -0.6783073544502258, 0.3058590590953827], [-0.002568542957305908, -0.9999956488609314, -0.001423954963684082, 0.023379752412438393], [0.0, 0.0, 0.0, 1.0]], null, null, null, null, null, null, null, null, null, null, null, null, null, null, null, null, null, null, null, null]}, "1-17-1": {"poses_world": [null, null, null, null, null, null, null, null, null, null, null, null, null, null, null, null, null, null, null, null, null, null, null, null, null, null, null, null, null, null, null, null, null, null, null, null, null, null, null, [[-0.8817226886749268, 0.4716179072856903, 0.011898739263415337, -0.05791123956441879], [0.4716205298900604, 0.8817972540855408, -0.0027612452395260334, 0.27048563957214355], [-0.011794527992606163, 0.003177037462592125, -0.9999253749847412, 0.042074672877788544], [0.0, 0.0, 0.0, 1.0]], null, null, null, null, null, null, null, null, null, null, null, [[-0.8249558210372925, -0.5651411414146423, -0.007974127307534218, 0.00272604962810874], [0.5651758313179016, -0.8249653577804565, -0.002911163493990898, 0.3611367344856262], [-0.004933160264045, -0.0069083645939826965, 0.9999639391899109, 0.009978163987398148], [0.0, 0.0, 0.0, 1.0]], [[-0.9203101396560669, -0.39118683338165283, 0.0013749882346019149, 0.004295447841286659], [-0.39118701219558716, 0.9203112125396729, 0.00012908464123029262, 0.26987317204475403], [-0.0013159132795408368, -0.00041907967533916235, -0.999998927116394, 0.02832249365746975], [0.0, 0.0, 0.0, 1.0]], null, null, null, null, [[0.9580533504486084, 0.28658002614974976, 0.0023924028500914574, -0.08513040095567703], [0.28658658266067505, -0.9580492973327637, -0.0031237134244292974, 0.34258395433425903], [0.0013968460261821747, 0.003678314620628953, -0.9999923706054688, 0.0077741025015711784], [0.0, 0.0, 0.0, 1.0]], [[-0.10107040405273438, 0.005546450614929199, -0.9948638677597046, -0.07380899041891098], [0.9948552846908569, -0.006384015083312988, -0.10110518336296082, 0.18524058163166046], [-0.006912022829055786, -0.9999642372131348, -0.004872679710388184, 0.023741992190480232], [0.0, 0.0, 0.0, 1.0]], null, null, null, null, null, null, null, null, null, null, null, null, null, null, null, null, null, null, null, null]}, "1-18-1": {"poses_world": [null, null, null, null, null, null, null, null, null, null, null, null, null, null, null, null, null, null, null, null, null, null, null, null, null, null, null, null, null, null, null, null, null, null, null, null, null, null, null, [[-0.41573774814605713, -0.9094840884208679, 0.0008952453499659896, -0.07629113644361496], [-0.9094844460487366, 0.41573721170425415, -0.0007135854684747756, 0.11748049408197403], [0.0002768078411463648, -0.0011108762118965387, -0.9999992847442627, 0.03694046288728714], [0.0, 0.0, 0.0, 1.0]], null, null, null, null, null, null, null, null, null, null, null, [[-0.9798951148986816, -0.19946084916591644, -0.004566749092191458, 0.09653136879205704], [0.19948364794254303, -0.9798871278762817, -0.00524007948115468, 0.0030052009969949722], [-0.0034297078382223845, -0.0060457200743258, 0.999975860118866, 0.00975133292376995], [0.0, 0.0, 0.0, 1.0]], [[-0.9718058109283447, 0.23576860129833221, 0.0025375927798449993, -0.04955818131566048], [0.23577122390270233, 0.9718082547187805, 0.0007829704554751515, 0.20712319016456604], [-0.002281453926116228, 0.0013591867173090577, -0.9999963045120239, 0.028953636065125465], [0.0, 0.0, 0.0, 1.0]], null, null, null, null, [[0.9828630089759827, 0.1843279004096985, 0.0018932949751615524, 0.02436753548681736], [0.1843329668045044, -0.9828593730926514, -0.00297834281809628, -0.20875641703605652], [0.001311850966885686, 0.003276299452409148, -0.9999938011169434, 0.0081408666446805], [0.0, 0.0, 0.0, 1.0]], [[-0.9965755939483643, 0.0056448280811309814, 0.08249472826719284, 0.19951264560222626], [-0.08247066289186478, 0.004370987415313721, -0.9965839385986328, -0.3412497639656067], [-0.005986124277114868, -0.9999744892120361, -0.003890514373779297, 0.023355020210146904], [0.0, 0.0, 0.0, 1.0]], null, null, null, null, null, null, null, null, null, null, null, null, null, null, null, null, null, null, null, null]}, "1-19-1": {"poses_world": [null, null, null, null, null, null, null, null, null, null, null, null, null, null, null, null, null, null, null, null, null, null, null, null, null, null, null, null, null, null, null, null, null, null, null, null, null, null, null, [[-0.1707615852355957, -0.9853107929229736, -0.0016752100782468915, 0.21490950882434845], [-0.98531174659729, 0.17075985670089722, 0.0012930715456604958, -0.2004990428686142], [-0.0009880190482363105, 0.0018714114557951689, -0.9999973773956299, 0.036655135452747345], [0.0, 0.0, 0.0, 1.0]], null, null, null, null, null, null, null, null, null, null, null, [[-0.5015082359313965, 0.8651349544525146, 0.005589728243649006, 0.15522785484790802], [-0.8651527166366577, -0.5015034675598145, -0.002342001534998417, 0.2286558598279953], [0.0007771195378154516, -0.006010500714182854, 0.9999816417694092, 0.010630408301949501], [0.0, 0.0, 0.0, 1.0]], [[-0.978848934173584, 0.20458340644836426, -9.334993228549138e-05, 0.1871931254863739], [0.20458340644836426, 0.9788491129875183, -8.282195631181821e-05, 0.16039186716079712], [7.443149661412463e-05, -0.0001001680429908447, -0.9999997615814209, 0.029751909896731377], [0.0, 0.0, 0.0, 1.0]], null, null, null, null, [[0.9773132801055908, 0.2117864340543747, 0.002296475460752845, 0.20580627024173737], [0.21179141104221344, -0.977312445640564, -0.0021939105354249477, 0.2104267030954361], [0.001779733458533883, 0.0026305117644369602, -0.9999948740005493, 0.007116549648344517], [0.0, 0.0, 0.0, 1.0]], [[-0.19594311714172363, -0.003355473279953003, -0.9806095361709595, 0.26825249195098877], [0.9806116819381714, 0.0020294189453125, -0.1959504783153534, -0.2913386821746826], [0.002647489309310913, -0.9999922513961792, 0.002892792224884033, 0.022904710844159126], [0.0, 0.0, 0.0, 1.0]], null, null, null, null, null, null, null, null, null, null, null, null, null, null, null, null, null, null, null, null]}, "1-20-1": {"poses_world": [null, null, null, null, null, null, null, null, null, null, null, null, null, null, null, null, null, null, null, null, null, null, null, null, null, null, null, null, null, null, null, null, null, null, null, null, null, null, null, [[-0.6809970140457153, -0.7322359085083008, 0.008557994849979877, 0.27601689100265503], [-0.7322506904602051, 0.681032657623291, 0.001845182734541595, 0.15028470754623413], [-0.007179382722824812, -0.005010033491998911, -0.9999614953994751, 0.02961021475493908], [0.0, 0.0, 0.0, 1.0]], null, null, null, null, null, null, null, null, null, null, null, [[-0.09857821464538574, 0.9951283931732178, -0.0014268751256167889, 0.26386064291000366], [-0.9951283931732178, -0.09857594966888428, 0.0015543909976258874, 0.018056051805615425], [0.001406162977218628, 0.0015731527237221599, 0.9999977946281433, 0.01066555455327034], [0.0, 0.0, 0.0, 1.0]], [[-0.7425215244293213, 0.6698163151741028, 0.002809825586155057, 0.20028559863567352], [0.6698213219642639, 0.7425069808959961, 0.004769190214574337, -0.0425131693482399], [0.0011081660632044077, 0.005423307418823242, -0.9999847412109375, 0.029031382873654366], [0.0, 0.0, 0.0, 1.0]], null, null, null, null, [[0.9810225963592529, 0.1938871592283249, 0.0015504988841712475, 0.27905750274658203], [0.19388841092586517, -0.9810233116149902, -0.0006970194517634809, 0.15784114599227905], [0.0013859325554221869, 0.0009844156447798014, -0.9999985694885254, 0.07844017446041107], [0.0, 0.0, 0.0, 1.0]], [[-0.9999510049819946, -0.00423798244446516, -0.00892566703259945, 0.24468931555747986], [0.008941728621721268, -0.0037859678268432617, -0.9999527931213379, 0.3762093484401703], [0.004203989636152983, -0.9999837875366211, 0.0038238167762756348, 0.023845670744776726], [0.0, 0.0, 0.0, 1.0]], null, null, null, null, null, null, null, null, null, null, null, null, null, null, null, null, null, null, null, null]}, "1-21-1": {"poses_world": [null, null, null, null, null, null, null, null, null, null, null, null, null, null, [[-0.6318176984786987, -0.7751116156578064, -0.002927670255303383, 0.02164996787905693], [-0.7751131653785706, 0.6318219900131226, -0.0008334747981280088, -0.30049818754196167], [0.0024958024732768536, 0.0017426714766770601, -0.9999954700469971, 0.010689211077988148], [0.0, 0.0, 0.0, 1.0]], null, null, null, null, null, null, null, null, null, null, null, null, null, null, null, null, null, null, null, null, null, null, null, null, null, null, null, null, null, null, null, null, null, null, null, null, [[-0.9999990463256836, 0.0015004457673057914, 0.0001931576698552817, 0.27708184719085693], [-0.0015017430996522307, -0.9999752044677734, -0.0069010150618851185, 0.1243971735239029], [0.00018279824871569872, -0.006901297252625227, 0.9999761581420898, 0.010228500701487064], [0.0, 0.0, 0.0, 1.0]], null, null, null, [[0.09636497497558594, -0.995296835899353, -0.009905306622385979, 0.08894297480583191], [0.9953446388244629, 0.09637737274169922, -0.0007757283747196198, -0.2026011347770691], [0.0017267274670302868, -0.009784439578652382, 0.999950647354126, 0.010694261640310287], [0.0, 0.0, 0.0, 1.0]], [[0.4294671416282654, -0.9030814170837402, -0.0014588412595912814, 0.042376916855573654], [0.9030734300613403, 0.4294695258140564, -0.003814471885561943, 0.36606326699256897], [0.004071305971592665, 0.00032075028866529465, 0.9999916553497314, 0.05300300940871239], [0.0, 0.0, 0.0, 1.0]], [[0.9729