{"1-1-1": {"poses_world": [null, null, null, null, null, null, null, null, null, null, null, null, null, null, null, null, null, null, null, null, null, null, null, null, null, null, null, null, null, null, null, null, null, null, null, [[0.2617890914348034, -0.965028431449139, -0.01366009152802944, 0.09061971961491047], [-0.9651246632938484, -0.26177631561511355, -0.0027467953895228686, -0.022168521399797417], [-0.000925152784909795, 0.01390277230593338, -0.9999029237953722, 0.015362057010168823], [0.0, 0.0, 0.0, 1.0]], null, null, null, [[-0.4480615289665166, 0.8939954986431782, -0.003593698084453901, 0.10195453689179058], [0.8939737655026185, 0.448011043605505, -0.009849436561310322, -0.00019220081215839233], [-0.007195335520763635, -0.0076258254137579196, -0.9999450354562005, 0.0660592973821289], [0.0, 0.0, 0.0, 1.0]], null, null, null, null, null, null, null, null, [[-0.0007391209592689372, -0.9999969959603491, 0.002337043107172562, -0.04870249686139961], [0.9999953980485425, -0.0007322392758522079, 0.002944097039805996, -0.15684736681756525], [-0.002942376920869333, 0.0023392083960412247, 0.9999929352361122, 0.04247433817911661], [0.0, 0.0, 0.0, 1.0]], null, null, [[-0.9845400660801134, -0.17431245824577235, 0.01720538239278889, -0.06755845037866418], [0.17464933930947846, -0.9844167038033479, 0.02052709311407539, -0.2953485510144949], [0.013359137761431045, 0.023214654278431862, 0.9996412422789509, 0.010198069641357008], [0.0, 0.0, 0.0, 1.0]], null, null, null, null, null, null, [[0.9604820541393155, -0.0031613240544557985, -0.27832396538304716, 0.09431945779800965], [0.2782824270788798, -0.009766401319369438, 0.9604496385466326, -0.11867569884323133], [-0.0057545160881599606, -0.9999473103296453, -0.008500712270120161, 0.023231700980093205], [0.0, 0.0, 0.0, 1.0]], null, null, null, null, null, null, null, null, null, null, null, null, null, null, null, null, null, null, null, null]}, "1-2-1": {"poses_world": [null, null, null, null, null, null, null, null, null, null, null, null, null, null, null, null, null, null, null, null, null, null, null, null, null, null, null, null, null, null, null, null, null, null, null, [[0.8402809629431014, 0.5421438430016083, -0.002820781959280116, 0.16417406180921673], [-0.542150747549996, 0.8402754982342756, -0.0031070883669476806, -0.0857855955444495], [0.0006857451384417507, 0.004140116252827063, 0.9999911945567413, 0.015413349024080853], [0.0, 0.0, 0.0, 1.0]], null, null, null, [[-0.8087834585748477, 0.5880958012887917, -0.003556071174999075, -0.0015123047060402132], [0.5881034140866137, 0.8087446029344553, -0.008157301273021072, -0.2361775208445036], [-0.001921321258080131, -0.008688827934982728, -0.9999604056130119, 0.036117588243002534], [0.0, 0.0, 0.0, 1.0]], null, null, null, null, null, null, null, null, [[-0.1578780040714412, -0.9874541417563891, 0.0029755266041894264, 0.19985831195255052], [0.9874349577348546, -0.157852640628014, 0.007399195221711852, -0.22340350264791528], [-0.006836671235613242, 0.004106309159985933, 0.9999681985700842, 0.042512536593273524], [0.0, 0.0, 0.0, 1.0]], null, null, [[0.9306853460266843, -0.3657985619658431, -0.004024767684233828, -0.04767740005535505], [0.3655792485159352, 0.9304144374893665, -0.026091906137135495, 0.32829569184646984], [0.01328908370486371, 0.02281198314628218, 0.9996514460946968, 0.010271543034645161], [0.0, 0.0, 0.0, 1.0]], null, null, null, null, null, null, [[-0.0008170667367109481, 0.0029963779285981512, 0.999995177048998, -0.07769206754273006], [0.9999993135564281, 0.0008422593853109338, 0.0008145463769253303, 0.21626950859335636], [-0.0008398146343495342, 0.9999951561474865, -0.002997064053880694, 0.023706872039223587], [0.0, 0.0, 0.0, 1.0]], null, null, null, null, null, null, null, null, null, null, null, null, null, null, null, null, null, null, null, null]}, "1-3-1": {"poses_world": [null, null, null, null, null, null, null, null, null, null, null, null, null, null, null, null, null, null, null, null, null, null, null, null, null, null, null, null, null, null, null, null, null, null, null, [[0.5754244406802173, 0.817854028886811, 0.0012249495789965878, 0.14632648122859854], [-0.8178549287821155, 0.5754240923377968, 0.0006553045271848964, 0.09680112520609521], [-0.00016892205194774182, -0.0013789092917220606, 0.9999990350367872, 0.015481846292939912], [0.0, 0.0, 0.0, 1.0]], null, null, null, [[0.1445175838332483, 0.9895016117358498, -0.0011083028268691062, 0.23850801064336097], [0.9894953114763967, -0.14451229318248177, 0.0039020104266067634, 0.3736950948765358], [0.00370088222308599, -0.001660569569827965, -0.999991772955895, 0.036274423786112196], [0.0, 0.0, 0.0, 1.0]], null, null, null, null, null, null, null, null, [[0.007826177058116586, -0.9999690817817303, 0.0007657893040117201, 0.1645406460138784], [0.99995815385486, 0.007829714895713238, 0.004731395548092592, -0.3706252003041553], [-0.004737245173692929, 0.0007287285193899362, 0.9999885136654868, 0.04252739766429486], [0.0, 0.0, 0.0, 1.0]], null, null, [[0.9999692136173228, 0.003739597672273667, -0.006898349570869382, -0.07698591336799625], [-0.003917729446582693, 0.9996544686659393, -0.025992204065848304, 0.3701267304799978], [0.006798765589117435, 0.026018429727154006, 0.9996383436528419, 0.01022711342908881], [0.0, 0.0, 0.0, 1.0]], null, null, null, null, null, null, [[0.9999822914467009, -0.002910459352056953, 0.005190955534995273, 0.16538600092848352], [-0.005218276951493384, -0.009459657897980027, 0.9999416405261412, -0.3227696800595346], [-0.0028611848356557873, -0.9999510208499279, -0.009474677964079232, 0.023327060634693995], [0.0, 0.0, 0.0, 1.0]], null, null, null, null, null, null, null, null, null, null, null, null, null, null, null, null, null, null, null, null]}, "1-4-1": {"poses_world": [null, null, null, null, null, null, null, null, null, null, null, null, null, null, null, null, null, null, null, null, null, null, null, null, null, null, null, null, null, null, null, null, null, null, null, [[0.4998403303504483, 0.8661169396110444, -0.0010445448547357612, 0.013076685316343921], [-0.8661169792695362, 0.4998382183193981, -0.0017702339685409987, -0.3222137650492525], [-0.0010111261880824244, 0.0017895323659287035, 0.9999978875966404, 0.015366192453692237], [0.0, 0.0, 0.0, 1.0]], null, null, null, [[-0.8001910958491931, 0.5997364739244747, -0.0032205540370542074, -0.04981676528113706], [0.599743341419109, 0.8001902658058583, -0.0018608957498628103, 0.011434341696726304], [0.0014610089355887776, -0.0034205780487470256, -0.9999930825254253, 0.036082922934749434], [0.0, 0.0, 0.0, 1.0]], null, null, null, null, null, null, null, null, [[0.5364647818888675, 0.7246206895338546, 0.43258570722159906, 0.08982586676259319], [-0.8434837113859918, 0.4769185808451658, 0.2471515645735355, -0.34088157193967883], [-0.02721702444138108, -0.4974671080022422, 0.8670557710069423, 0.060325827718524544], [0.0, 0.0, 0.0, 1.0]], null, null, [[-0.8680599404850643, -0.49612798119208273, 0.018137419974578333, -0.030562339599217135], [0.49640432753340885, -0.867928381745255, 0.01682461789065492, 0.33929979359216544], [0.0073948178591510035, 0.023608270570517238, 0.9996939362772482, 0.010282984689384666], [0.0, 0.0, 0.0, 1.0]], null, null, null, null, null, null, [[-0.9987123721529226, 0.0035073914036312273, -0.05060924731928381, 0.10777259250224014], [-0.05062109086627334, -0.00337444307517825, 0.9987122299708966, 0.23929412980732429], [0.0033320966659447482, 0.9999881555995924, 0.0035476460272531587, 0.023713589922818204], [0.0, 0.0, 0.0, 1.0]], null, null, null, null, null, null, null, null, null, null, null, null, null, null, null, null, null, null, null, null]}, "1-5-1": {"poses_world": [null, null, null, null, null, null, null, null, null, null, null, null, null, null, null, null, null, null, null, null, null, null, null, null, null, null, null, null, null, null, null, null, null, null, null, [[-0.9999981584258593, 0.001707218370201647, 0.0008766700209003477, -0.025532657589163517], [0.0016957706554314956, 0.9999153925760214, -0.012896978383559214, -0.374641739686808], [-0.0008986138065247102, -0.012895468001521608, -0.9999164462085063, 0.015395033882237636], [0.0, 0.0, 0.0, 1.0]], null, null, null, [[0.028181462866419, 0.9995996338206876, -0.0025253150805123765, 0.15212417108088766], [0.9995963490628158, -0.028172097624407023, 0.003670402665972593, -0.058235743338699644], [0.00359778973790011, -0.0026277330511494893, -0.9999900754147583, 0.03628707660797946], [0.0, 0.0, 0.0, 1.0]], null, null, null, null, null, null, null, null, [[-0.8962430690858169, -0.4435632500937992, 6.543593111965561e-05, 0.21661410070291068], [0.4435615076260262, -0.8962399429087724, -0.0026746378082453943, -0.2161671415515197], [0.0012450173342199535, -0.0023681007376945133, 0.9999964210089617, 0.042709447159423986], [0.0, 0.0, 0.0, 1.0]], null, null, [[0.904718025702823, -0.42601071548214214, 0.00040529344827939736, 0.091993331345695], [0.4258639649437847, 0.9043805676554564, -0.027123278001607565, -0.026968947934720315], [0.01118826754886393, 0.024711518399052976, 0.999632014057007, 0.01024627212542318], [0.0, 0.0, 0.0, 1.0]], null, null, null, null, null, null, [[0.506822871986061, 0.005208261036881613, 0.8620344833292763, 0.18359450001428496], [0.8620361423484705, -0.00877623728091366, -0.5067708229013949, 0.16627151573995635], [0.004926024438481807, 0.999947924482151, -0.008937707036521027, 0.023789488384379404], [0.0, 0.0, 0.0, 1.0]], null, null, null, null, null, null, null, null, null, null, null, null, null, null, null, null, null, null, null, null]}, "1-6-1": {"poses_world": [null, null, null, null, null, null, null, null, null, null, null, null, null, null, null, null, null, null, null, null, null, null, null, null, null, null, null, null, null, null, null, null, null, null, null, [[-0.8331821827017459, 0.5529903530845649, -0.0030199045948887918, 0.04021759486589126], [-0.5529985068695977, -0.833166469042348, 0.005127013116939065, 0.2205618259108549], [0.0003191055456370725, 0.005941738711373472, 0.9999822967996662, 0.015472320402299894], [0.0, 0.0, 0.0, 1.0]], null, null, null, [[-0.4281286163589753, -0.903695343312866, -0.006372937249868793, 0.22849035916495863], [-0.9037109227790416, 0.428142246068239, -0.0008861046756168701, -0.028818851956569493], [0.0035292923372535353, 0.005379926234170472, -0.9999793000304121, 0.03618361947531707], [0.0, 0.0, 0.0, 1.0]], null, null, null, null, null, null, null, null, [[-0.17909139578732353, 0.9838307212165772, 0.0018395503303181623, 0.10979442545860534], [-0.9838104530285368, -0.17909958088925715, 0.006350798144972154, 0.06105029023791295], [0.006577573012453541, -0.0006723955396922068, 0.9999781414698539, 0.04254511450589588], [0.0, 0.0, 0.0, 1.0]], null, null, [[0.9742365233101907, -0.22346841683487306, 0.0304148537032131, 0.11951323837362719], [0.22131231568788684, 0.9732444636068867, 0.06177437157436315, 0.36482389256068115], [-0.0434057089947577, -0.053451667287913195, 0.9976266153680968, 0.010330328436209473], [0.0, 0.0, 0.0, 1.0]], null, null, null, null, null, null, [[0.3308173521010406, 0.9436946854705766, -0.0004692157780314853, -0.06171942639290676], [-0.9436708832977657, 0.3308053863026018, -0.007284257628708916, -0.25174304442725653], [-0.0067188961051000895, 0.0028525440884635024, 0.9999733593588143, 0.02293409371932283], [0.0, 0.0, 0.0, 1.0]], null, null, null, null, null, null, null, null, null, null, null, null, null, null, null, null, null, null, null, null]}, "1-7-1": {"poses_world": [null, null, null, null, null, null, null, null, null, null, null, null, null, null, null, null, null, null, null, null, null, null, null, null, null, null, null, null, null, null, null, null, null, null, null, [[0.0018720850260374935, 0.999994325237513, 0.002800855302673542, 0.2757555292721473], [-0.9999975324287149, 0.0018754261999108933, -0.0011907615417064412, -0.11338407444140851], [-0.0011960075818343002, -0.0027986191845118373, 0.9999953686375374, 0.015483519346405626], [0.0, 0.0, 0.0, 1.0]], null, null, null, [[0.7763204317771166, -0.6303384665857347, -6.890381770139841e-05, -0.07366216895496813], [0.6303352370107931, 0.7763167951036279, -0.003118112021641183, -0.11807918939323296], [0.0020189571412921564, 0.00237722156670829, 0.9999951363030145, 0.03572139631941035], [0.0, 0.0, 0.0, 1.0]], null, null, null, null, null, null, null, null, [[0.25681011949763977, -0.9664537267102046, 0.003969464896654175, 0.103129257929095], [0.9664165341707963, 0.2568356901430381, 0.008631960962363266, 0.2847473405358271], [-0.009361891097123702, 0.0016193815816937405, 0.9999548652806177, 0.04260896747131305], [0.0, 0.0, 0.0, 1.0]], null, null, [[0.5735113984860077, 0.81876634184275, -0.026577307464551947, -0.06429069606066505], [-0.8191025233491642, 0.573637202236948, -0.0033788241740218264, 0.093133623106575], [0.01247926478826302, 0.023707333785322374, 0.9996410507152735, 0.010256606458240853], [0.0, 0.0, 0.0, 1.0]], null, null, null, null, null, null, [[0.9236623131870857, 0.3832043516432995, -0.001534952612070852, 0.1590805225254891], [0.3831777139778018, -0.9235334094298242, 0.016151816543992996, 0.23614634782480218], [0.004771866367463336, -0.015506983864155676, -0.999868372708532, 0.02332347694454966], [0.0, 0.0, 0.0, 1.0]], null, null, null, null, null, null, null, null, null, null, null, null, null, null, null, null, null, null, null, null]}, "1-8-1": {"poses_world": [null, null, null, null, null, null, null, null, null, null, null, null, null, null, null, null, null, null, null, null, null, null, null, null, null, null, null, null, null, null, null, null, null, null, null, [[0.5682822750041536, -0.8228255157192808, -0.003664232171005459, 0.14353597409430152], [0.8228335720685171, 0.5682787916334547, 0.0020316635018510372, 0.021235538989862385], [0.0004106008617247924, -0.004169611603031314, 0.9999912228344866, 0.015451597647828125], [0.0, 0.0, 0.0, 1.0]], null, null, null, [[0.999542868973775, -0.02980231773889111, -0.005086741694343609, 0.06824150553215161], [-0.029811057758387646, -0.9995541879869304, -0.001651094519950869, 0.21759644432383202], [-0.005035267520288381, 0.0018019809038707815, -0.9999856993706567, 0.03615588698047139], [0.0, 0.0, 0.0, 1.0]], null, null, null, null, null, null, null, null, [[0.8047448051006575, 0.5936202010412096, 0.0009249752961184186, -0.03475840445390789], [-0.5936205220705993, 0.8047414783985554, 0.002414274536301537, -0.11298841653859332], [0.0006887961483274918, -0.0024919592093596813, 0.9999966578439978, 0.04256874432696936], [0.0, 0.0, 0.0, 1.0]], null, null, [[-0.6357417757651056, 0.7718205775119216, 0.011197797827833018, 0.23977660037328247], [-0.7702421167825284, -0.6333573070177455, -0.07473689304218205, 0.33381630175530996], [-0.05059126487249821, -0.05613838060001659, 0.9971404144563635, 0.010358444140982005], [0.0, 0.0, 0.0, 1.0]], null, null, null, null, null, null, [[0.4765158782455673, 0.8791515957379804, 0.005008941127484825, -0.05546366420764778], [-0.8791468700408053, 0.4765353006252314, -0.003858517263965169, 0.05521488522093656], [-0.005779158875797602, -0.0025649501716825942, 0.9999800109768728, 0.022964215426688545], [0.0, 0.0, 0.0, 1.0]], null, null, null, null, null, null, null, null, null, null, null, null, null, null, null, null, null, null, null, null]}, "1-9-1": {"poses_world": [null, null, null, null, null, null, null, null, null, null, null, null, null, null, null, null, null, null, null, null, null, null, null, null, null, null, null, null, null, null, null, null, null, null, null, [[-0.8196238432805589, 0.5729016976185225, -0.0006327652181797784, 0.13774441761064057], [-0.572901745133888, -0.8196240453324346, -0.00012138962921781514, 0.2733517983575274], [-0.0005881739125223346, 0.0002630184633219616, 0.9999997924363472, 0.0154753285051088], [0.0, 0.0, 0.0, 1.0]], null, null, null, [[-0.36167893103702575, 0.9322997983334168, -0.002331709970056795, -0.07125257710483363], [0.9323001078127172, 0.3616708749004529, -0.0032691315569243055, -0.37372001992769766], [-0.0022044991063613784, -0.0033562294633993905, -0.9999919379212407, 0.036054563600457126], [0.0, 0.0, 0.0, 1.0]], null, null, null, null, null, null, null, null, [[0.6287302095831713, 0.7776229465950127, -0.0009362085189677238, 0.18867077459835233], [-0.7776029514242747, 0.6287218860743301, 0.006514591882385127, -0.14381441561517885], [0.005654510921248532, -0.00336792221206311, 0.9999783415685637, 0.042586914964735496], [0.0, 0.0, 0.0, 1.0]], null, null, [[0.7048198108302937, 0.7057796252576792, 0.07144336800767201, 0.09769410649888789], [-0.707756412221141, 0.7064483025389101, 0.0034142055812639606, 0.3110241033132928], [-0.04806136932098542, -0.05297090155002703, 0.9974388143480125, 0.010293357019694837], [0.0, 0.0, 0.0, 1.0]], null, null, null, null, null, null, [[0.1727893125603355, 0.984866746257406, 0.013466461349476398, 0.2698779877294137], [-0.9849457176967673, 0.17284135411212842, -0.0027927584009961883, -0.06590827818340525], [-0.0050780562942143006, -0.012781174634440591, 0.9999054229872126, 0.023062898920365987], [0.0, 0.0, 0.0, 1.0]], null, null, null, null, null, null, null, null, null, null, null, null, null, null, null, null, null, null, null, null]}, "1-10-1": {"poses_world": [null, null, null, null, null, null, null, null, null, null, null, null, null, null, null, null, null, null, null, null, null, null, null, null, null, null, null, null, null, null, null, null, null, null, null, [[0.9448209809796018, 0.3275870838777184, -0.00012797356968114558, 0.10177657096834937], [-0.3275871002164879, 0.9448207940971418, -0.000599010349934145, -0.2955077180865389], [-7.531596401790758e-05, 0.0006078800370378233, 0.9999998124046654, 0.015426559926555866], [0.0, 0.0, 0.0, 1.0]], null, null, null, [[0.8769918499936868, 0.48050166476666195, -0.0018561252964992797, 0.2739694644727815], [0.48050499548361886, -0.8769888167641972, 0.0023589374345757614, 0.1435435704651593], [-0.0004943277631489361, -0.0029606463819791583, -0.9999954950963843, 0.03627568676652374], [0.0, 0.0, 0.0, 1.0]], null, null, null, null, null, null, null, null, [[0.6205989400193463, -0.7841209755028118, 0.0033543141448193928, -0.04692112484345727], [0.7841239615167387, 0.6206039287028204, 0.000613721370511744, 0.11223900499033816], [-0.0025629323361109242, 0.0022493232634009904, 0.999994185944447, 0.042535605027351674], [0.0, 0.0, 0.0, 1.0]], null, null, [[-0.4195564257743639, 0.9075678696213012, -0.01711629698542165, 0.1566331221622334], [-0.9076780363767865, -0.4192578472977452, 0.018532127736503264, 0.19568550060944112], [0.009643021861551337, 0.02331136011289065, 0.9996817456666218, 0.010293916694890643], [0.0, 0.0, 0.0, 1.0]], null, null, null, null, null, null, [[0.9961038841927145, -0.0881122934632118, 0.0036435747337463685, 0.12256106293839943], [0.08806743956496553, 0.9960533341639688, 0.011039999515957691, 0.04789024514347599], [-0.004601954439007448, -0.010676106101666565, 0.999932419103335, 0.023057356131517298], [0.0, 0.0, 0.0, 1.0]], null, null, null, null, null, null, null, null, null, null, null, null, null, null, null, null, null, null, null, null]}, "1-11-1": {"poses_world": [null, null, null, null, null, null, null, null, null, null, null, null, null, null, null, null, null, null, null, null, null, null, null, null, null, null, null, null, null, null, null, null, null, null, null, null, null, null, null, [[0.08566550025942198, 0.9962877490132567, 0.008493717172208981, -0.07333150927035012], [0.9963235084948073, -0.08565428360315232, -0.001676341560846164, -0.17850934426856063], [-0.000942595300719462, 0.00860609473159349, -0.9999625226215075, 0.03620597278619301], [0.0, 0.0, 0.0, 1.0]], null, null, null, null, null, null, null, null, null, null, null, [[0.9990091719398727, 0.014822553503918262, 0.04196386883537455, -0.07532252849838168], [-0.016890182283286006, 0.9986385382795975, 0.04935373952625358, 0.22260480630536633], [-0.04117518818956888, -0.05001361585020017, 0.9978994148245312, 0.010294936053068155], [0.0, 0.0, 0.0, 1.0]], [[0.6988435439522501, -0.7152661837669604, -0.0034622876409566325, -0.019491336624547054], [0.7152652459774225, 0.6988015467259623, 0.008486824509796312, 0.06332275330227449], [-0.0036508866207114366, -0.00840741653847996, 0.9999579923046923, 0.02907665176755118], [0.0, 0.0, 0.0, 1.0]], null, null, null, null, [[0.9999989521604927, 0.0014295455864625547, -0.00022820458392247924, -0.07507529725190352], [-0.0014295500560665285, 0.9999989780041496, -1.9424038066044636e-05, -0.37811585898363215], [0.0002281765831504734, 1.97502475884561e-05, 0.9999999737726868, 0.00882998231556369], [0.0, 0.0, 0.0, 1.0]], [[-0.9238595904899579, 0.3824509065950233, -0.014654729761159179, 0.007457191395892002], [0.3825442593301919, 0.9239280808269821, -0.004097696045884224, -0.1754251276205098], [0.011972748775566592, -0.009391778533069954, -0.9998842171885419, 0.02331505963785318], [0.0, 0.0, 0.0, 1.0]], null, null, null, null, null, null, null, null, null, null, null, null, null, null, null, null, null, null, null, null]}, "1-12-1": {"poses_world": [null, null, null, null, null, null, null, null, null, null, null, null, null, null, null, null, null, null, null, null, null, null, null, null, null, null, null, null, null, null, null, null, null, null, null, null, null, null, null, [[-0.9672985697017056, 0.25361275383186244, -0.003748085758644196, 0.27383102119767166], [0.2536392013247487, 0.9672345349301539, -0.011158404446560721, -0.21421788136469222], [0.0007953643055785555, -0.01174417013963033, -0.9999307185317152, 0.03621834375790144], [0.0, 0.0, 0.0, 1.0]], null, null, null, null, null, null, null, null, null, null, null, [[-0.890295324630215, 0.45537451465823897, -0.002878600589438608, 0.22402881989895876], [-0.45532053025508357, -0.8900489968088835, 0.022271012723471803, 0.015432140759716405], [0.00757955604305515, 0.02113846444926271, 0.9997478260296028, 0.010336872426408787], [0.0, 0.0, 0.0, 1.0]], [[0.8861154434519254, 0.4634265502980642, 0.005937453564712591, -0.060135873346871], [0.463464164127845, -0.886024671581305, -0.012698421890891317, -0.052548281851570455], [-0.0006240555064214478, 0.014004064698403906, -0.9999017435361577, 0.028990423621667833], [0.0, 0.0, 0.0, 1.0]], null, null, null, null, [[0.9974771092222325, -0.07089797614603885, 0.0035907598157880844, 0.15168621882302916], [0.07089678514290929, 0.9974835517656396, 0.0004580539306575132, -0.37781639497102687], [-0.003614198951239005, -0.00020232498346024064, 0.9999934482938085, 0.008890517280303881], [0.0, 0.0, 0.0, 1.0]], [[-0.005712245939904476, -0.9999477901244072, -0.008472736962573649, -0.07742476962589055], [0.9999555817454081, -0.005775402420498999, 0.007448440312226412, 0.0914847248395059], [-0.007496984895646221, -0.008429813295453963, 0.9999363647079142, 0.023098110494019275], [0.0, 0.0, 0.0, 1.0]], null, null, null, null, null, null, null, null, null, null, null, null, null, null, null, null, null, null, null, null]}, "1-13-1": {"poses_world": [null, null, null, null, null, null, null, null, null, null, null, null, null, null, null, null, null, null, null, null, null, null, null, null, null, null, null, null, null, null, null, null, null, null, null, null, null, null, null, [[0.12360003584815432, -0.9923256493613755, -0.0035828421482371363, 0.1135873999205298], [-0.9923266584039511, -0.1236105262735663, 0.002870682012911284, 0.12773872407651846], [-0.0032915283960709197, 0.003200533376844029, -0.9999894611579274, 0.03616463819527396], [0.0, 0.0, 0.0, 1.0]], null, null, null, null, null, null, null, null, null, null, null, [[0.757926670276549, -0.652318305524301, 0.005290629585200446, 0.2549043237917553], [0.652219049449002, 0.7576054849998395, -0.025381895792038662, 0.20607264799889533], [0.012548865261206764, 0.022688265162012333, 0.9996638277964219, 0.010345289609579915], [0.0, 0.0, 0.0, 1.0]], [[0.06669393985086156, 0.9974992789482021, 0.023390316051456146, 0.2410835473667873], [-0.9977545051813475, 0.06681891925032035, -0.004602110444546871, 0.29922768630683183], [-0.006153517489557604, -0.023030860340780952, 0.9997158164670944, 0.02919133275464181], [0.0, 0.0, 0.0, 1.0]], null, null, null, null, [[0.9865686143501977, 0.16334544890172836, 0.0007959285287458611, -0.07790705429742911], [-0.16333392230124286, 0.9865381388952141, -0.008033077296917244, -0.15230932826464788], [-0.002097380466569764, 0.007795179809316188, 0.9999674175526515, 0.008863832298261539], [0.0, 0.0, 0.0, 1.0]], [[-0.8455993147117543, -0.5335701524965428, -0.016269336920347592, -0.04455074960343155], [0.5337438302819983, -0.8455973434102432, -0.009091559461460593, 0.12121891706560257], [-0.008906323310609199, -0.016371474654286938, 0.9998263110274359, 0.0230489998502364], [0.0, 0.0, 0.0, 1.0]], null, null, null, null, null, null, null, null, null, null, null, null, null, null, null, null, null, null, null, null]}, "1-14-1": {"poses_world": [null, null, null, null, null, null, null, null, null, null, null, null, null, null, null, null, null, null, null, null, null, null, null, null, null, null, null, null, null, null, null, null, null, null, null, null, null, null, null, [[0.08360338917235899, 0.9964799982140192, -0.006171424331803781, -0.07351082121446596], [0.9964743347103667, -0.08364337702719589, -0.006533432713258251, -0.1719648740369254], [-0.007026633790618873, -0.005603448837491569, -0.9999596130737972, 0.03608443245902364], [0.0, 0.0, 0.0, 1.0]], null, null, null, null, null, null, null, null, null, null, null, [[0.4652756307457171, -0.8850911642220537, 0.01149862818876208, 0.024642520201398607], [0.8851025731980159, 0.46504778438077593, -0.017999810020708492, -0.32114958057837195], [0.010584061244402525, 0.018552338358808946, 0.9997718681724319, 0.010238670035140581], [0.0, 0.0, 0.0, 1.0]], [[0.8530604056065703, -0.5218106110671168, 0.0012769354393831962, 0.02359517370042674], [0.5218064600336599, 0.8530599624968922, 0.0025920362538415466, 0.015051389688614048], [-0.0024418545195564294, -0.0015448503367328256, 0.9999958253832572, 0.029088080235129016], [0.0, 0.0, 0.0, 1.0]], null, null, null, null, [[0.5899536556572775, -0.807427129243688, 0.0040143664395015065, 0.2052607820294698], [0.8074366833581336, 0.5899511556192547, -0.0019069218972630184, -0.3778775496041724], [-0.000828579646864052, 0.004366342268038562, 0.9999901242067177, 0.008925486298458202], [0.0, 0.0, 0.0, 1.0]], [[-0.7708903426881515, -0.6368776284373933, -0.01072221740623355, -0.021592414267219136], [0.6369295426473127, -0.7709194079277129, -0.00200603675699514, -0.1530143410190596], [-0.006988365562132486, -0.008375731391762464, 0.9999405031652753, 0.023067971494226153], [0.0, 0.0, 0.0, 1.0]], null, null, null, null, null, null, null, null, null, null, null, null, null, null, null, null, null, null, null, null]}, "1-15-1": {"poses_world": [null, null, null, null, null, null, null, null, null, null, null, null, null, null, null, null, null, null, null, null, null, null, null, null, null, null, null, null, null, null, null, null, null, null, null, null, null, null, null, [[0.7196588960535607, 0.6942926473614093, -0.006985209435355909, 0.005593785151828334], [0.6943205826734414, -0.719660834959751, 0.002685349334162813, -0.11288821530756263], [-0.0031625633563108855, -0.006782510222594156, -0.999971997481978, 0.03606840230724338], [0.0, 0.0, 0.0, 1.0]], null, null, null, null, null, null, null, null, null, null, null, [[-0.16574809941421295, -0.9858852260564955, 0.02361966519890359, 0.2693724812524746], [0.9860360594226739, -0.16607032037189767, -0.012391053618681628, -0.22920595473911035], [0.016138682064590997, 0.021236048010573674, 0.9996442233145302, 0.010332233219332836], [0.0, 0.0, 0.0, 1.0]], [[0.757093131286923, -0.6531967922616256, -0.011997547136138409, -0.05919252430420438], [0.6532356381699834, 0.7571541723092068, -0.0008719973705438545, -0.05964807171637992], [0.009653578756903482, -0.007177042140211012, 0.999927646624145, 0.02920441963936945], [0.0, 0.0, 0.0, 1.0]], null, null, null, null, [[0.9876095451873267, -0.15680442520833582, 0.006305433368547445, -0.00014328143641876483], [0.15681597185447552, 0.9876268797438289, -0.0013774537396871402, 0.0014648567457325617], [-0.006011424641308434, 0.0023491791230213655, 0.9999791718487088, 0.008842349308353372], [0.0, 0.0, 0.0, 1.0]], [[-0.9034770877211277, 0.013406255397175834, 0.42842668483554547, 0.24451316986903168], [0.42862597602952857, 0.02129077079250279, 0.9032311308584284, 0.3570960707810747], [0.002987412874742593, 0.9996834375917641, -0.02498199289546434, 0.023812952185535648], [0.0, 0.0, 0.0, 1.0]], null, null, null, null, null, null, null, null, null, null, null, null, null, null, null, null, null, null, null, null]}, "1-16-1": {"poses_world": [null, null, null, null, null, null, null, null, null, null, null, null, null, null, null, null, null, null, null, null, null, null, null, null, null, null, null, null, null, null, null, null, null, null, null, null, null, null, null, [[-0.03489691203128275, 0.9993841637691719, -0.0036740628837352352, -0.07320189523775075], [0.999389949383443, 0.03490175889827849, 0.0012634465425768906, 0.014493272308760782], [0.0013908997233655154, -0.0036277311365552237, -0.9999924524538976, 0.03621266430386955], [0.0, 0.0, 0.0, 1.0]], null, null, null, null, null, null, null, null, null, null, null, [[-0.5627626190673026, 0.8263950525154685, 0.01922112791867349, 0.20632743517273228], [-0.8252861499010592, -0.5603838899863434, -0.06980448857530705, 0.00472385605012926], [-0.04691487356901494, -0.05514628747005145, 0.9973754967996125, 0.010300728751466396], [0.0, 0.0, 0.0, 1.0]], [[0.9840894047169014, 0.1775453708237788, 0.006759054888223301, 0.2048657244445463], [-0.1775769629901013, 0.9840970893945643, 0.00439782450299488, -0.36164180556553094], [-0.005870752860356984, -0.005528104936935665, 0.9999674866297696, 0.028930825176374707], [0.0, 0.0, 0.0, 1.0]], null, null, null, null, [[-0.8175587432405038, 0.5758449258665262, -0.0005680711061161135, 0.08260318047171004], [-0.5758424725401388, -0.8175575041150516, -0.0022747052614522667, 0.014781530241087932], [-0.001774308278325342, -0.0015325857044708674, 0.9999972515018188, 0.00889497757794631], [0.0, 0.0, 0.0, 1.0]], [[0.6850433598121232, 0.7284915901056213, 0.003949471192574944, -0.04800720156913708], [-0.7284739107395602, 0.6850544585846678, -0.005113721255479044, 0.3088044874579629], [-0.006430905778286006, 0.0006260340649881795, 0.9999791255482386, 0.023044290959111605], [0.0, 0.0, 0.0, 1.0]], null, null, null, null, null, null, null, null, null, null, null, null, null, null, null, null, null, null, null, null]}, "1-17-1": {"poses_world": [null, null, null, null, null, null, null, null, null, null, null, null, null, null, null, null, null, null, null, null, null, null, null, null, null, null, null, null, null, null, null, null, null, null, null, null, null, null, null, [[0.6112569628652684, 0.7914267585253717, -0.0029344912251858045, -0.05203871516207149], [0.7914316647774543, -0.6112480411635536, 0.0034281425445564155, 0.27261434889675606], [0.0009194217285947443, -0.0044179252756781535, -0.9999898182481374, 0.03617406988382791], [0.0, 0.0, 0.0, 1.0]], null, null, null, null, null, null, null, null, null, null, null, [[0.8235219711314707, 0.5668984588216902, -0.020921291770082142, 0.00414419773741896], [-0.5672151970397221, 0.8234373183908913, -0.014761535435275919, 0.3599994673938428], [0.00885908070433018, 0.02402332339227799, 0.9996721445665392, 0.010259731074752483], [0.0, 0.0, 0.0, 1.0]], [[0.942546296519043, 0.3340751256095415, -0.0005379286243473846, 0.007489491375033091], [0.3340752893315234, -0.9425422698911627, 0.0027875664068235063, 0.2710300694315488], [0.00042423613087280287, -0.002807119053871124, -0.9999959700450405, 0.028960263371785897], [0.0, 0.0, 0.0, 1.0]], null, null, null, null, [[0.9400614375172469, -0.3409674056698392, 0.005071682540056346, -0.0779098050747921], [0.34097682927438705, 0.9400710568238138, -0.0011000091566427928, 0.3384222808378183], [-0.004392674696952071, 0.0027634024206702776, 0.9999865339173664, 0.008879330093653713], [0.0, 0.0, 0.0, 1.0]], [[0.1099940345592542, 0.9938925044797138, -0.00888830132364686, -0.07146300936363036], [-0.9939014654583435, 0.10991585104217505, -0.008853397620820625, 0.1873109891090872], [-0.007822360330204189, 0.00980791663487934, 0.9999213046285934, 0.02306192087088306], [0.0, 0.0, 0.0, 1.0]], null, null, null, null, null, null, null, null, null, null, null, null, null, null, null, null, null, null, null, null]}, "1-18-1": {"poses_world": [null, null, null, null, null, null, null, null, null, null, null, null, null, null, null, null, null, null, null, null, null, null, null, null, null, null, null, null, null, null, null, null, null, null, null, null, null, null, null, [[-0.135141692174069, 0.9908158506389321, -0.004546774568747729, -0.07355110546173775], [0.9908213360208211, 0.13515409530884814, 0.0025398045519204973, 0.11945119718023968], [0.003130993810980134, -0.00416180776785439, -0.999986438024966, 0.03615733327223902], [0.0, 0.0, 0.0, 1.0]], null, null, null, null, null, null, null, null, null, null, null, [[0.9782984589052239, 0.2063723828505951, -0.01850850886028153, 0.09617471218509277], [-0.20671382124237958, 0.9782180320471427, -0.018944072560791378, 0.003942195420366154], [0.014195823718166614, 0.02235892158361808, 0.9996492170829627, 0.01027777340979649], [0.0, 0.0, 0.0, 1.0]], [[0.9781399196271539, 0.2079456876615491, 0.0009426636461760546, -0.04782015991430227], [-0.2079470079002231, 0.978138731792865, 0.0016319534276985229, 0.2096929970092499], [-0.0005826981456236447, -0.0017923028792826252, 0.9999982240550527, 0.029122111650301867], [0.0, 0.0, 0.0, 1.0]], null, null, null, null, [[0.9937617855952108, 0.11142363662286378, -0.004720878345671141, 0.025860917548888102], [-0.11143301401351843, 0.9937703686201184, -0.0017713950711196105, -0.20901535936748486], [0.004494093733068372, 0.002286406431719606, 0.999987287652772, 0.008853269256646722], [0.0, 0.0, 0.0, 1.0]], [[0.9924785662342399, -0.12234887919090008, 0.004128840800822214, 0.20040973405151144], [0.1223645159587292, 0.9924780513024569, -0.003773978943172465, -0.3423314229071569], [-0.003636041778350903, 0.004250816816581582, 0.9999843547559025, 0.023024098970155366], [0.0, 0.0, 0.0, 1.0]], null, null, null, null, null, null, null, null, null, null, null, null, null, null, null, null, null, null, null, null]}, "1-19-1": {"poses_world": [null, null, null, null, null, null, null, null, null, null, null, null, null, null, null, null, null, null, null, null, null, null, null, null, null, null, null, null, null, null, null, null, null, null, null, null, null, null, null, [[-0.27964158175764314, 0.9601041425411421, -0.0007881798143737359, 0.2159766772175269], [0.9601042904197139, 0.2796409398045865, -0.0008344476403810079, -0.19980491114823387], [-0.0005807492922369899, -0.000990081079451966, -0.9999993412346404, 0.03622807478441555], [0.0, 0.0, 0.0, 1.0]], null, null, null, null, null, null, null, null, null, null, null, [[-0.4479601472054007, 0.8939314756030046, 0.014772387821583367, 0.1567842711435058], [-0.8933704281822837, -0.44691100841091874, -0.04647395626088175, 0.22950830511520834], [-0.034942589559418494, -0.03401569472128498, 0.9988102662405459, 0.010517237024047528], [0.0, 0.0, 0.0, 1.0]], [[0.9798497168688295, 0.1997240049945672, -0.0022032205984567487, 0.18892474939306075], [-0.19972103375442932, 0.9798516556885172, 0.001497170843213088, 0.1633166027656441], [0.0024578503082126313, -0.0010269729313128933, 0.999996452142937, 0.029182712868193374], [0.0, 0.0, 0.0, 1.0]], null, null, null, null, [[0.9528916897693254, -0.30330529324661903, 0.0018239125916028763, 0.20598814319386988], [0.30330830989604307, 0.9528909647564506, -0.0016965946856240027, 0.2116520402893438], [-0.0012234036804000476, 0.0021698788223950475, 0.9999968974498524, 0.008993191020002388], [0.0, 0.0, 0.0, 1.0]], [[0.20746228297359157, 0.978237824285017, 0.0031875196471929474, 0.26811968478351056], [-0.9782254547390584, 0.20747698202870374, -0.005316166741579429, -0.2915553899282737], [-0.005861812343375832, -0.002015208767488543, 0.9999807888603033, 0.023141359271573764], [0.0, 0.0, 0.0, 1.0]], null, null, null, null, null, null, null, null, null, null, null, null, null, null, null, null, null, null, null, null]}, "1-20-1": {"poses_world": [null, null, null, null, null, null, null, null, null, null, null, null, null, null, null, null, null, null, null, null, null, null, null, null, null, null, null, null, null, null, null, null, null, null, null, null, null, null, null, [[0.7192483676613635, 0.6947328580512027, -0.005295428261343609, 0.2743261227245353], [0.6947108913837587, -0.7192677982123644, -0.005532797440768222, 0.14796266853578566], [-0.007652647205171449, 0.00030066384017680097, -0.9999706728659636, 0.03597392824644939], [0.0, 0.0, 0.0, 1.0]], null, null, null, null, null, null, null, null, null, null, null, [[0.07053356792517383, -0.9973100285083883, 0.019942989553772026, 0.26549597352803384], [0.9974211984580427, 0.07024736126292189, -0.014705818648390498, 0.017304585758303636], [0.01326531802361906, 0.02092881440009115, 0.9996929608962637, 0.01033212565310254], [0.0, 0.0, 0.0, 1.0]], [[0.7461964554675387, 0.6657210390762567, 0.002519519579373751, 0.20152679640646637], [-0.6657145812265195, 0.7461565508277017, 0.00863122235302614, -0.04266286261288203], [0.003866030274266461, -0.008117868447855194, 0.9999595761938488, 0.02914640314789462], [0.0, 0.0, 0.0, 1.0]], null, null, null, null, [[0.9948485890949064, 0.101358055205424, 0.0016820882402980508, 0.2781486454949792], [-0.10135687095787112, 0.9948498297854746, -0.0007751680079018742, 0.15887783832073096], [-0.0017519947212830543, 0.0006006835982612313, 0.9999982848453848, 0.07957691722407165], [0.0, 0.0, 0.0, 1.0]], [[-0.9999698441270727, 0.00038988738457834313, -0.007756211981715861, 0.24505616371925046], [-0.0077498405218173975, 0.014307492524515419, 0.9998676090510925, 0.3776212761373981], [0.000500807711964485, 0.9998975665764415, -0.014304039504537118, 0.023841639393290884], [0.0, 0.0, 0.0, 1.0]], null, null, null, null, null, null, null, null, null, null, null, null, null, null, null, null, null, null, null, null]}, "1-21-1": {"poses_world": [null, null, null, null, null, null, null, null, null, null, null, null, null, null, [[-0.6783355734587273, 0.7347265828206506, 0.006139892271802302, 0.021406323803506766], [-0.7347424914580377, -0.6783459315306747, -0.0005180944089443584, -0.29895396458257983], [0.0037843132079515575, -0.004862681613065098, 0.9999810164703499, 0.009488091241543825], [0.0, 0.0, 0.0, 1.0]], null, null, null, null, null, null, null, null, null, null, null, null, null, null, null, null, null, null, null, null, null, null, null, null, null, null, null, null, null, null, null, null, null, null, null, null, [[0.9985159247119035, 0.029384146771314363, 0.045853244326378904, 0.27751328846071005], [-0.03181366821094877, 0.9980776725744185, 0.053186934705764334, 0.12362115676461369], [-0.04420224668154793, -0.054566761191713095, 0.9975312676609942, 0.010350631241850245], [0.0, 0.0, 0.0, 1.0]], null, null, null, [[-0.06622870301523681, 0.9978040576412444, 0.0009063396651969797, 0.08867174546955126], [-0.997560167780341, -0.0662325593206734, 0.02206716438265505, -0.19957031040640238], [0.022078735357289374, 0.0005573513278075115, 0.9997560796536925, 0.011774938321938128], [0.0, 0.0, 0.0, 1.0]], [[-0.6015661934778539, 0.7987948829135322, -0.006697006474654895, 0.044891575164966724], [0.7986351651979081, 0.6015854127661885, 0.016639232441562082, 0.36547610072816206], [0.017320155134281763, 0.004661134850046504, -0.9998391300844517, 0.04976014239165976], [0.0, 0.0, 0.0, 1.0]], [[-0.12172850524847297, -0.9925594840603157, 0.0028002878228625605, 0.25624875952018045], [0.9925584188269271, -0.1217184369208666, 0.003522403913642232, 0.03568721762186553], [-0.0031553487544494136, 0.003208226217009955, 0.999989875478136, 0.008968172648097709], [0.0, 0.0, 0.0, 