{"1-1-1": {"poses_world": [null, null, null, null, null, null, null, null, null, null, null, null, null, null, null, null, null, null, null, null, null, null, null, null, null, null, null, null, null, null, null, null, null, null, null, [[-0.2522316441449008, 0.9673983989590724, -0.022793318832157808, 0.09197947332306294], [0.9676635313173567, 0.25222278954302674, -0.003309772432803743, -0.023771982180357764], [0.002547125906377224, -0.02289109273404026, -0.9997347198247439, 0.015625209709295772], [0.0, 0.0, 0.0, 1.0]], null, null, null, [[0.7129812891715155, -0.7010388141060023, -0.014221898894807083, 0.10154828004397991], [0.7010581025726017, 0.7123246867001097, 0.033332829686276134, 0.000421829505560775], [-0.013236997719540225, -0.033736061335628224, 0.9993431142790408, 0.06539478787856924], [0.0, 0.0, 0.0, 1.0]], null, null, null, null, null, null, null, null, [[-0.0001569837810124868, 0.9999943969788091, -0.003343855122576084, -0.0486188531811118], [-0.9988676027458582, 2.2825303873983193e-06, 0.04757638258141132, -0.15591515508007522], [0.04757612364238248, 0.003347537270642067, 0.9988620057111925, 0.042145946442089], [0.0, 0.0, 0.0, 1.0]], null, null, [[0.9780917383056336, 0.20598932063880887, 0.03008240750051079, -0.06855046018902787], [-0.20652011022954872, 0.9783160325609555, 0.015722102434653672, -0.2969815723703499], [-0.026191516356253577, -0.0215902806131055, 0.9994237661042521, 0.010376576443142972], [0.0, 0.0, 0.0, 1.0]], null, null, null, null, null, null, [[0.9649344229418011, 0.02418110037324992, -0.2613748913088499, 0.09294851907530094], [0.2620871655824241, -0.03353703153463299, 0.9644612927187988, -0.11725077710827078], [0.014555997353161473, -0.9991449053568676, -0.03869859222854137, 0.023348926237932548], [0.0, 0.0, 0.0, 1.0]], null, null, null, null, null, null, null, null, null, null, null, null, null, null, null, null, null, null, null, null]}, "1-2-1": {"poses_world": [null, null, null, null, null, null, null, null, null, null, null, null, null, null, null, null, null, null, null, null, null, null, null, null, null, null, null, null, null, null, null, null, null, null, null, [[-0.8415744771483982, 0.5394065433905791, 0.028159906957002892, 0.1658619190183032], [0.5401399257492596, 0.8403198439152395, 0.0459501962329981, -0.08763668244546657], [0.001122507899383968, 0.053880802422513877, -0.9985467435760436, 0.01563820862906559], [0.0, 0.0, 0.0, 1.0]], null, null, null, [[0.8764636275006024, -0.4814664605557575, -0.001247809439160305, -0.0015178788626313189], [0.4812191330319342, 0.8759241763090255, 0.03442358728181165, -0.23540800210727716], [-0.015480816273018908, -0.03077149195710186, 0.9994065537158815, 0.03581440090717932], [0.0, 0.0, 0.0, 1.0]], null, null, null, null, null, null, null, null, [[-0.1488000631134279, -0.9888513771633413, -0.005612049501192241, 0.20051046250062596], [0.9888169917959165, -0.14884734343566328, 0.009242569330050769, -0.22301233934701628], [-0.009974866070030276, -0.004173995005936934, 0.9999415381973967, 0.042967523001030225], [0.0, 0.0, 0.0, 1.0]], null, null, [[0.9409856084618902, -0.33737447792171565, -0.02691739799193718, -0.04902301674617485], [0.33746367952953954, 0.9413376599894936, -0.001294173052064484, 0.33015948501832515], [0.025774981396516662, -0.007865845952868282, 0.999636823452125, 0.010361326740832288], [0.0, 0.0, 0.0, 1.0]], null, null, null, null, null, null, [[0.0034106977002985824, -0.07013820603423415, 0.9975314527349486, -0.07787764984178627], [0.9999123689257001, 0.012999240453147749, -0.0025048387247866913, 0.2157317404070422], [-0.012791466319117812, 0.9974525812297746, 0.07017639622740955, 0.02422395415739292], [0.0, 0.0, 0.0, 1.0]], null, null, null, null, null, null, null, null, null, null, null, null, null, null, null, null, null, null, null, null]}, "1-3-1": {"poses_world": [null, null, null, null, null, null, null, null, null, null, null, null, null, null, null, null, null, null, null, null, null, null, null, null, null, null, null, null, null, null, null, null, null, null, null, [[-0.5699616319349973, 0.8208607358983493, 0.03648822251650706, 0.14660294258476306], [0.821667408533896, 0.5692598587519958, 0.02838807789987389, 0.09475762602155227], [0.00253137811977195, 0.046161298444456364, -0.9989307917221975, 0.015575673354695728], [0.0, 0.0, 0.0, 1.0]], null, null, null, [[0.9070374506411626, -0.41851752253308383, -0.04611015579186475, 0.23752183201220817], [0.4185430772952831, 0.908146583025961, -0.009564318400497412, 0.37330370843879773], [0.04587761526687045, -0.010623891520584515, 0.9988905732593452, 0.035746812125673016], [0.0, 0.0, 0.0, 1.0]], null, null, null, null, null, null, null, null, [[-0.05174228803530786, 0.9986499477825483, 0.004584476282525566, 0.16454856528225037], [-0.9971637831943558, -0.051915433069920656, 0.05449015777810015, -0.37150995026377415], [0.054654598291368636, -0.0017520282750039255, 0.9985037833090733, 0.04214667156655966], [0.0, 0.0, 0.0, 1.0]], null, null, [[0.9995160919916243, 0.015379251724150157, -0.027038129857596047, -0.07726422506874252], [-0.015013102938791113, 0.9997935302547989, 0.01369319541946115, 0.3735055984763326], [0.027243138401077498, -0.013280642945713282, 0.9995406124480426, 0.01047661325256719], [0.0, 0.0, 0.0, 1.0]], null, null, null, null, null, null, [[0.9996683171897071, 0.01441178383820341, 0.02134376006471771, 0.16545157036206948], [-0.021725172049832375, 0.026848848654458034, 0.9994034001469755, -0.3229027834026776], [0.013830130386389057, -0.9995356120781944, 0.027153041836312845, 0.023579896490662524], [0.0, 0.0, 0.0, 1.0]], null, null, null, null, null, null, null, null, null, null, null, null, null, null, null, null, null, null, null, null]}, "1-4-1": {"poses_world": [null, null, null, null, null, null, null, null, null, null, null, null, null, null, null, null, null, null, null, null, null, null, null, null, null, null, null, null, null, null, null, null, null, null, null, [[-0.4832119802416788, -0.8754789672933984, 0.00653911139213409, -0.008882622327608536], [0.8754834383993735, -0.4831370707958805, 0.010359532382591116, -0.2827745816959198], [-0.0059102655883497566, 0.01073073388263098, 0.9999249572397991, 0.015289224336952283], [0.0, 0.0, 0.0, 1.0]], null, null, null, [[0.8378470691538651, 0.545888476465641, -0.004249702612941557, -0.04935793235849487], [-0.5458132393447398, 0.8375380834781027, -0.024856920159735254, 0.010579635254811672], [-0.010009818493831034, 0.02314584165344683, 0.9996819862075507, 0.036065397384489696], [0.0, 0.0, 0.0, 1.0]], null, null, null, null, null, null, null, null, [[-0.5999883908554116, -0.6763251065419477, 0.42731520111009047, 0.08816342626278507], [0.7962251727498603, -0.5567163194709583, 0.23683837086537562, -0.3428359310815142], [0.07771360960725539, 0.48233939285085753, 0.8725304034737578, 0.061729071559495544], [0.0, 0.0, 0.0, 1.0]], null, null, [[0.8344822879843667, 0.5498683798018748, 0.035834005280426885, -0.03049302477279352], [-0.5510256824059119, 0.8323288496516751, 0.05999486116842141, 0.34148135336810453], [0.003163600713648517, -0.06981010622811318, 0.9975552820264871, 0.010323259001722967], [0.0, 0.0, 0.0, 1.0]], null, null, null, null, null, null, [[-0.999839753292847, -0.013710618938761137, 0.011510285123086945, 0.10656212733336501], [-0.014030246197008218, 0.9995048680032317, -0.02816329223463971, 0.239875520532634], [-0.01111844984474046, -0.02832027129387153, -0.9995370639985751, 0.023396417199282458], [0.0, 0.0, 0.0, 1.0]], null, null, null, null, null, null, null, null, null, null, null, null, null, null, null, null, null, null, null, null]}, "1-5-1": {"poses_world": [null, null, null, null, null, null, null, null, null, null, null, null, null, null, null, null, null, null, null, null, null, null, null, null, null, null, null, null, null, null, null, null, null, null, null, [[0.9999914552030517, -0.004126840751122444, -0.00024229382521623313, -0.025510081227422553], [0.004128523412871056, 0.9999640068933785, 0.007412166496261254, -0.37388174085866305], [0.00021169627355787274, -0.007413103476533907, 0.9999725001626462, 0.015480774383301116], [0.0, 0.0, 0.0, 1.0]], null, null, null, [[0.694791253957744, -0.7183780907888764, -0.03461260028305918, 0.15143924540255702], [0.7192066144733947, 0.6938049981952477, 0.037100811002046256, -0.05736418644731812], [-0.002638014697448226, -0.0506709300666612, 0.9987119192863553, 0.03560607058532695], [0.0, 0.0, 0.0, 1.0]], null, null, null, null, null, null, null, null, [[0.9061338744429809, 0.42278043432179707, 0.013345633803819305, 0.21652895037301237], [-0.4229328426868032, 0.9060814526737206, 0.012008817491319244, -0.21527917844344435], [-0.007015138189144984, -0.016525903162994033, 0.9998388281922417, 0.0423613948648435], [0.0, 0.0, 0.0, 1.0]], null, null, [[0.8560974255218758, 0.5167648036050356, 0.0071648984546427725, 0.0926088678618108], [0.5135176215530755, -0.8521179122778654, 0.10096888594851507, -0.029557532298248503], [0.05828250483025675, -0.08275990170523807, -0.9948637837917563, 0.009790706058256467], [0.0, 0.0, 0.0, 1.0]], null, null, null, null, null, null, [[0.487045331934234, 0.8732562486977345, 0.0145040942989129, 0.18298405403692666], [0.8731058410574583, -0.48724070114624923, 0.016813371400778283, 0.163615963205659], [0.021749366713099055, 0.00447473539680328, -0.9997534404995604, 0.023476595177329626], [0.0, 0.0, 0.0, 1.0]], null, null, null, null, null, null, null, null, null, null, null, null, null, null, null, null, null, null, null, null]}, "1-6-1": {"poses_world": [null, null, null, null, null, null, null, null, null, null, null, null, null, null, null, null, null, null, null, null, null, null, null, null, null, null, null, null, null, null, null, null, null, null, null, [[-0.8181190162427576, 0.5750253596413949, -0.005206825449907584, 0.0389302962383338], [-0.5750433582294041, -0.818117417356236, 0.003004592253726409, 0.21902248561084064], [-0.0025320778484283343, 0.005452264451258074, 0.9999819305338085, 0.015591936207347527], [0.0, 0.0, 0.0, 1.0]], null, null, null, [[0.7383443443397014, 0.6720426117153161, 0.05662470503615606, 0.22934085407464935], [-0.6732476714535942, 0.739410730708767, 0.0030568276103817324, -0.028803048117940457], [-0.03981459611610813, -0.04037944219008603, 0.9983908546178336, 0.035661132119100034], [0.0, 0.0, 0.0, 1.0]], null, null, null, null, null, null, null, null, [[-0.2679085278436993, 0.9632416527538746, 0.019762062357107042, 0.11013591494302302], [-0.9633685592625306, -0.26808837563170723, 0.007045699084479252, 0.06111149366961621], [0.012084690027389584, -0.01715054667166965, 0.9997798852826584, 0.0422992029011444], [0.0, 0.0, 0.0, 1.0]], null, null, [[0.9826701280877673, -0.1851973708611853, 0.007832827719008076, 0.11801034252019287], [0.18392078752401356, 0.9794147783123058, 0.08318555126945226, 0.3665651316798199], [-0.02307733261271168, -0.08030333647838438, 0.9965032919513723, 0.010299065747495622], [0.0, 0.0, 0.0, 1.0]], null, null, null, null, null, null, [[0.33526265484219026, 0.9376553622014678, 0.0916590093935171, -0.06126238960028803], [-0.9419516046668144, 0.335475782101603, 0.013534182240965502, -0.25153426935798145], [-0.01805897931169509, -0.09087585684961805, 0.9956984743927592, 0.02261872648189569], [0.0, 0.0, 0.0, 1.0]], null, null, null, null, null, null, null, null, null, null, null, null, null, null, null, null, null, null, null, null]}, "1-7-1": {"poses_world": [null, null, null, null, null, null, null, null, null, null, null, null, null, null, null, null, null, null, null, null, null, null, null, null, null, null, null, null, null, null, null, null, null, null, null, [[-0.0009587249099074104, 0.9986616388926679, 0.05171084848228587, 0.2741915119755736], [0.999999380009438, 0.0009867319642516221, -0.0005160821344665062, -0.11105005717264328], [-0.0005664161773055922, 0.05171032164124986, -0.9986619657363911, 0.015581295888087817], [0.0, 0.0, 0.0, 1.0]], null, null, null, [[0.725977217004755, 0.6872283309205088, 0.025967317347802683, -0.07317590384839323], [-0.6857225422057946, 0.7262285954007696, -0.04875061366841507, -0.11906642065618128], [-0.052361011266516225, 0.017585459972270075, 0.9984733727529798, 0.03575528900655695], [0.0, 0.0, 0.0, 1.0]], null, null, null, null, null, null, null, null, [[0.3502770419180625, -0.9365864786566596, 0.010571750217020025, 0.10391435426224654], [0.9366399440108365, 0.3502113546061133, -0.007590941201770832, 0.2836286911351557], [0.0034072259257962377, 0.0125608559608969, 0.9999153042678267, 0.04253268623749247], [0.0, 0.0, 0.0, 1.0]], null, null, [[0.6064733591724105, 0.7942173642606096, -0.03753455635893231, -0.06418619067436537], [-0.7934392009743088, 0.607582021181942, 0.03603223409276745, 0.09511686675724038], [0.05142274760630662, 0.00792879835762911, 0.9986455002578352, 0.010278794600451734], [0.0, 0.0, 0.0, 1.0]], null, null, null, null, null, null, [[0.9111117920781382, -0.022451046420115396, 0.41154738834161764, 0.15699246805054637], [0.41179381272305127, 0.0075435148075715, -0.9112458236871989, 0.23661759459234244], [0.017353908469765197, 0.9997194836047711, 0.016118187299856222, 0.023846914978260123], [0.0, 0.0, 0.0, 1.0]], null, null, null, null, null, null, null, null, null, null, null, null, null, null, null, null, null, null, null, null]}, "1-8-1": {"poses_world": [null, null, null, null, null, null, null, null, null, null, null, null, null, null, null, null, null, null, null, null, null, null, null, null, null, null, null, null, null, null, null, null, null, null, null, [[0.5791624950543937, -0.8141693204017874, -0.04122040803850426, 0.1409432217705504], [0.8152052470214752, 0.5786244304304777, 0.025182806389694067, 0.01932562779471337], [0.0033480667592844108, -0.04818802989848213, 0.9988326707829885, 0.015517524327104694], [0.0, 0.0, 0.0, 1.0]], null, null, null, [[0.807203732280414, -0.5899894698383654, -0.018290983363762912, 0.06762696868477511], [0.5901915649585681, 0.8072193745556064, 0.00841415437294698, 0.21789564935997588], [0.009800573673270575, -0.017587120909917143, 0.9997973004233279, 0.035468255415880216], [0.0, 0.0, 0.0, 1.0]], null, null, null, null, null, null, null, null, [[0.8043812078212446, 0.594110388710751, -0.0019283490338798507, -0.034639899495584846], [-0.5937063349835381, 0.8039458289485463, 0.03440773047803948, -0.11238533026101744], [0.02199227829150746, -0.026532058762839456, 0.9994060183695884, 0.04266095981228409], [0.0, 0.0, 0.0, 1.0]], null, null, [[-0.6247979155941478, 0.7793617870644742, 0.047146256827854525, 0.2436199375010309], [-0.7806452536561996, -0.6246935302419139, -0.018734492732463647, 0.3382792209400752], [0.014851013879765118, -0.04850977362927791, 0.9987122955331926, 0.010521881813582627], [0.0, 0.0, 0.0, 1.0]], null, null, null, null, null, null, [[-0.46428137018461, 0.8856676543543176, 0.0059678580765865465, -0.0538601941377287], [0.8850798204962964, 0.4637025391022807, 0.040170469008235926, 0.05176389168749945], [0.03281037411772187, 0.023932431147274773, -0.9991750187477847, 0.023497821639356424], [0.0, 0.0, 0.0, 1.0]], null, null, null, null, null, null, null, null, null, null, null, null, null, null, null, null, null, null, null, null]}, "1-9-1": {"poses_world": [null, null, null, null, null, null, null, null, null, null, null, null, null, null, null, null, null, null, null, null, null, null, null, null, null, null, null, null, null, null, null, null, null, null, null, [[-0.8031354779556694, 0.5957920292983904, 0.002293877377673658, 0.13565496854710155], [-0.5957893034643102, -0.8031010473150076, -0.007988346452765442, 0.2712346013277995], [-0.002917177819409803, -0.007782392051494683, 0.9999654616273136, 0.015499512845856605], [0.0, 0.0, 0.0, 1.0]], null, null, null, [[0.9796779298312525, 0.1974083712107064, 0.035511811802380715, -0.0709799249426931], [-0.19644118236475314, 0.980087820402213, -0.028960769505950976, -0.3741567836374226], [-0.04052179256510746, 0.021396244417535328, 0.9989495407937955, 0.03498045447699833], [0.0, 0.0, 0.0, 1.0]], null, null, null, null, null, null, null, null, [[0.6402065337708889, 0.7674416728452098, -0.034188783213354466, 0.18784657599797544], [-0.7676730641270985, 0.6407836782248748, 0.008622316064267303, -0.1435734716658345], [0.028524738925647584, 0.020725744887591525, 0.9993781980652158, 0.04307516849760519], [0.0, 0.0, 0.0, 1.0]], null, null, [[-0.6332245995354082, 0.7736674636703588, -0.02156993743838885, 0.09291294064361451], [0.7739673378635061, 0.6330169136771135, -0.016252597305630025, 0.3118179256885674], [0.0010800294899548475, -0.026985971477339953, -0.9996352289108886, 0.010161435406899351], [0.0, 0.0, 0.0, 1.0]], null, null, null, null, null, null, [[0.20692003832892708, 0.9778218319177533, 0.03238151884893942, 0.270289691233153], [-0.9783191478463986, 0.20709291104053623, -0.0020423402881632182, -0.06631818545439545], [-0.008703027924312033, -0.03125685879555869, 0.9994734944375383, 0.02308956089387267], [0.0, 0.0, 0.0, 1.0]], null, null, null, null, null, null, null, null, null, null, null, null, null, null, null, null, null, null, null, null]}, "1-10-1": {"poses_world": [null, null, null, null, null, null, null, null, null, null, null, null, null, null, null, null, null, null, null, null, null, null, null, null, null, null, null, null, null, null, null, null, null, null, null, [[0.9507296325048495, 0.30998911246756705, 0.004462737810318946, 0.10770736125640938], [-0.31000254698195795, 0.9507318741762794, 0.00270634254269229, -0.2970945997312856], [-0.0034039303595194727, -0.003956460138757753, 0.9999863797478832, 0.015483287844349975], [0.0, 0.0, 0.0, 1.0]], null, null, null, [[-0.17359493846651036, 0.9848127829871991, -0.0029291302149092933, 0.2745340645542754], [0.9840760466565603, 0.173348172749113, -0.03930324924658038, 0.14563047267762097], [-0.03819858290046564, -0.00970533201652352, -0.9992230355605524, 0.03646189388918845], [0.0, 0.0, 0.0, 1.0]], null, null, null, null, null, null, null, null, [[0.6092395625495779, -0.7929541388950916, 0.00713365499189592, -0.04646632187592341], [0.7928052276762924, 0.608883662183644, -0.026843190849384496, 0.11171048759394897], [0.01694185330895006, 0.022009532820527793, 0.9996142026159291, 0.042828681003582066], [0.0, 0.0, 0.0, 1.0]], null, null, [[0.42569830272267717, -0.9024496678458217, -0.0660723244936806, 0.15396453170513372], [0.9048371057388046, 0.42397379347576647, 0.038936288009918184, 0.19240770606032156], [-0.007125106122352366, -0.07635980258444075, 0.9970548698100874, 0.010359081696952356], [0.0, 0.0, 0.0, 1.0]], null, null, null, null, null, null, [[0.9994614649436644, 0.013049141221089463, -0.030108138535243405, 0.12155419286169321], [0.030622764650155253, -0.04121750030448112, 0.9986808118482262, 0.0491314625894947], [0.011790944739356019, -0.9990649816613747, -0.041594904016132715, 0.02330661508817871], [0.0, 0.0, 0.0, 1.0]], null, null, null, null, null, null, null, null, null, null, null, null, null, null, null, null, null, null, null, null]}, "1-11-1": {"poses_world": [null, null, null, null, null, null, null, null, null, null, null, null, null, null, null, null, null, null, null, null, null, null, null, null, null, null, null, null, null, null, null, null, null, null, null, null, null, null, null, [[0.7190946167311641, -0.6946740006178973, 0.01819244496449718, -0.07447298400788391], [0.6942690788444362, 0.7193089322277949, 0.024188968101342846, -0.17795769958418103], [-0.029889435403803916, -0.004763704738527336, 0.9995418594378157, 0.035443209181405415], [0.0, 0.0, 0.0, 1.0]], null, null, null, null, null, null, null, null, null, null, null, [[0.9965234547186451, 0.06773617816165231, 0.048505817833204706, -0.07513954281463885], [-0.07167699111788793, 0.9938222094682324, 0.08473384749890031, 0.22684826910694975], [-0.04246661206055131, -0.08791601751520368, 0.9952222669958529, 0.010153477103846384], [0.0, 0.0, 0.0, 1.0]], [[0.7507093280097463, 0.6606268013706211, 0.0027810339762470446, -0.018953640669608966], [-0.6606250072919628, 0.7507142414876488, -0.0016514745284878134, 0.06291341658364025], [-0.003178770147329565, -0.0005974432573312786, 0.9999947692272718, 0.02932013669056404], [0.0, 0.0, 0.0, 1.0]], null, null, null, null, [[0.5508040569743888, -0.8346338844008127, 0.0010815870579500566, -0.0758095312730883], [0.8346152634981295, 0.5507996610771063, 0.006090590553631988, -0.3786741567990208], [-0.005679151037017051, -0.002452012918943133, 0.9999808672550412, 0.008784837423369975], [0.0, 0.0, 0.0, 1.0]], [[-0.9304343464101, 0.0056221055128416525, 0.36641550042269405, 0.006334776004520272], [0.3664562970213488, 0.017841715978238273, 0.9302641858871883, -0.17546061299745852], [-0.001307437880690244, 0.9998250172407943, -0.018660801312746174, 0.023869460834812527], [0.0, 0.0, 0.0, 1.0]], null, null, null, null, null, null, null, null, null, null, null, null, null, null, null, null, null, null, null, null]}, "1-12-1": {"poses_world": [null, null, null, null, null, null, null, null, null, null, null, null, null, null, null, null, null, null, null, null, null, null, null, null, null, null, null, null, null, null, null, null, null, null, null, null, null, null, null, [[0.9495670934971272, 0.3121294671303454, -0.029958816671293752, 0.2739333074548496], [-0.3127447532675173, 0.9496554348607299, -0.01858155922194028, -0.21444839039518288], [0.022650700895495157, 0.027013899911073416, 0.9993784042896552, 0.03615122506688001], [0.0, 0.0, 0.0, 1.0]], null, null, null, null, null, null, null, null, null, null, null, [[0.8745368629839482, 0.48490587622924625, 0.007180980472170799, 0.22398768185934687], [0.48469214935876154, -0.8744509299316368, 0.020226010275873535, 0.011618566798684305], [0.016087126287154863, -0.014207826717783499, -0.9997696444820569, 0.010169146740567458], [0.0, 0.0, 0.0, 1.0]], [[0.042484219414947115, 0.9014472367994072, -0.4307992228027069, -0.0591707554515874], [-0.006662414622235447, 0.43143455312472573, 0.9021196365235986, -0.05375864588664501], [0.999074923783049, -0.03545568553535223, 0.024334975469766547, 0.029278241725264994], [0.0, 0.0, 0.0, 1.0]], null, null, null, null, [[-0.609238387964692, 0.7929803486159747, -0.003279228426199044, 0.1500827494281596], [-0.7929852321763471, -0.6092407661939918, 0.00033220111807898904, -0.3778863712576488], [-0.0017344106804777278, 0.0028027693885672536, 0.9999945681369204, 0.008863148153507007], [0.0, 0.0, 0.0, 1.0]], [[0.0017790240853556697, 0.9985251558259766, 0.05426184899184337, -0.07712263889914608], [0.9998286751701451, -0.002775842140677144, 0.01830068326384852, 0.09238912056742048], [0.018424314934818806, 0.0542199952334918, -0.9983590219635738, 0.02373158213135184], [0.0, 0.0, 0.0, 1.0]], null, null, null, null, null, null, null, null, null, null, null, null, null, null, null, null, null, null, null, null]}, "1-13-1": {"poses_world": [null, null, null, null, null, null, null, null, null, null, null, null, null, null, null, null, null, null, null, null, null, null, null, null, null, null, null, null, null, null, null, null, null, null, null, null, null, null, null, [[-0.008674655149962423, 0.9997628370389943, -0.019975485820620066, 0.11415959765494145], [0.999949634262713, 0.008571975778836678, -0.00522016945254409, 0.1286768160105869], [-0.005047702041074939, -0.020019762910373464, -0.9997868421804301, 0.036215253257925156], [0.0, 0.0, 0.0, 1.0]], null, null, null, null, null, null, null, null, null, null, null, [[0.712954055807426, 0.7008826141882997, 0.021449369135637678, 0.25235518485262204], [0.697902101145404, -0.7122259768726215, 0.07527825107340227, 0.20600360520036942], [0.06803801528978039, -0.03870037462886688, -0.9969318479610393, 0.010042478808770747], [0.0, 0.0, 0.0, 1.0]], [[-0.02024249109040827, 0.9994805928899891, -0.025075605490817988, 0.23992837614997747], [0.02350090862744945, 0.02554947953855105, 0.9993972840612452, 0.30021758026750106], [0.9995188586755823, 0.01964099110497036, -0.024005887200340175, 0.029262551760954197], [0.0, 0.0, 0.0, 1.0]], null, null, null, null, [[-0.5465792053182769, 0.8374064151859014, -0.0012915568661096537, -0.07799065845983912], [-0.8374067788891397, -0.546580037848567, -0.0003858704113375532, -0.15354804666752328], [-0.001029069558646286, 0.0008706497322164401, 0.9999990914920307, 0.00882633428192554], [0.0, 0.0, 0.0, 1.0]], [[0.8288553991970024, 0.006558984203058337, 0.5594244425730805, -0.04453373318492492], [-0.55938915961921, -0.006517566079004862, 0.8288795385536548, 0.12117188308288979], [0.009082693570292209, -0.999957249615517, -0.001733095172902068, 0.02340671772977316], [0.0, 0.0, 0.0, 1.0]], null, null, null, null, null, null, null, null, null, null, null, null, null, null, null, null, null, null, null, null]}, "1-14-1": {"poses_world": [null, null, null, null, null, null, null, null, null, null, null, null, null, null, null, null, null, null, null, null, null, null, null, null, null, null, null, null, null, null, null, null, null, null, null, null, null, null, null, [[-0.8244891666346118, 0.5657578331946924, 0.011648531281195784, -0.07387704438873392], [-0.5650806852477291, -0.8242455739126223, 0.036097826048218006, -0.17240972747230524], [0.03002387819918713, 0.023179906477308193, 0.999280370403413, 0.03546754642163265], [0.0, 0.0, 0.0, 1.0]], null, null, null, null, null, null, null, null, null, null, null, [[0.4640271541233156, 0.884454157934883, -0.049189864280291394, 0.02487838593992687], [0.8857515656595999, -0.4639700003555824, 0.013266600981717327, -0.31942674692773854], [-0.011088920947674942, -0.04972606239928688, -0.9987013340085604, 0.009980278194873491], [0.0, 0.0, 0.0, 1.0]], [[0.8426952625644656, 0.0009689807227784403, 0.5383899660355541, 0.024510870843642712], [0.538327538696181, 0.013817403759660504, -0.8426224186636944, 0.01431681629330463], [-0.008255636421129154, 0.9999040656131478, 0.011122231681668465, 0.02894596983916303], [0.0, 0.0, 0.0, 1.0]], null, null, null, null, [[0.9870235120015788, 0.16055948199132186, 0.0022889951392258013, 0.20406178940436354], [-0.16054801944121505, 0.987017633695478, -0.004530367278932578, -0.3785142615973136], [-0.0029866719893949525, 0.004104085386195726, 0.999987118053813, 0.008910870598913831], [0.0, 0.0, 0.0, 1.0]], [[0.7743645472531564, 0.6325122503168024, 0.016964703256733653, -0.02101885038165858], [-0.6321232689245009, 0.7745152353211202, -0.023373556419021724, -0.15265780926921338], [-0.027923481903544226, 0.007375869755131633, 0.9995828508451607, 0.023242520083052706], [0.0, 0.0, 0.0, 1.0]], null, null, null, null, null, null, null, null, null, null, null, null, null, null, null, null, null, null, null, null]}, "1-15-1": {"poses_world": [null, null, null, null, null, null, null, null, null, null, null, null, null, null, null, null, null, null, null, null, null, null, null, null, null, null, null, null, null, null, null, null, null, null, null, null, null, null, null, [[0.6617036892837401, -0.7495769571714014, -0.01681109353818312, 0.0050026261780863395], [0.7494871753022619, 0.660680982465645, 0.04206677389181963, -0.11213112858407291], [-0.020425514576718862, -0.04043543849015758, 0.998973359839182, 0.035295310001603686], [0.0, 0.0, 0.0, 1.0]], null, null, null, null, null, null, null, null, null, null, null, [[-0.024361257942632764, -0.9997021429490938, 0.0014678196218978225, 0.26757514732838705], [0.9994922249201647, -0.02438625445499396, -0.02050860594470905, -0.22990071376172783], [0.020538291934617803, 0.0009674588602092104, 0.9997885989486787, 0.010467119707793422], [0.0, 0.0, 0.0, 1.0]], [[0.7604665340633168, -0.014060080691041494, 0.6492248953180147, -0.05840047577285038], [0.6493689646447331, 0.02147724300466173, -0.7601701623907281, -0.059839826147520724], [-0.0032555070192853636, 0.999670466785871, 0.02546290459015294, 0.029001437350781194], [0.0, 0.0, 0.0, 1.0]], null, null, null, null, [[0.2228066515808658, -0.9748626524955953, -6.914169766513974e-05, -0.0012206105301592958], [0.9748456753544291, 0.22280235170095264, 0.005917881317812371, 0.0012764904162612127], [-0.005753716545796303, -0.001385945805830318, 0.9999824867967109, 0.008879063740936586], [0.0, 0.0, 0.0, 1.0]], [[0.9326009368051804, 0.36060898345675896, -0.014719161673956281, 0.24318872921882548], [-0.3608083978048565, 0.9325287276097036, -0.014403897254582394, 0.35603527710420785], [0.008531866360505394, 0.018743885213880318, 0.9997879145216234, 0.023172513664460857], [0.0, 0.0, 0.0, 1.0]], null, null, null, null, null, null, null, null, null, null, null, null, null, null, null, null, null, null, null, null]}, "1-16-1": {"poses_world": [null, null, null, null, null, null, null, null, null, null, null, null, null, null, null, null, null, null, null, null, null, null, null, null, null, null, null, null, null, null, null, null, null, null, null, null, null, null, null, [[0.8266506947970776, 0.5625595230490481, -0.01324431267887326, -0.07297402751257673], [-0.5627129672680469, 0.8264874150847109, -0.016512697386618265, 0.013809048972020184], [0.0016568825844663802, 0.021102979254576354, 0.9997759344006443, 0.03608203062020951], [0.0, 0.0, 0.0, 1.0]], null, null, null, null, null, null, null, null, null, null, null, [[0.4622006037029754, 0.886773389901822, -0.0018859741875583793, 0.2038388718781882], [0.8840386072961165, -0.4606061455050938, 0.0794840835191707, 0.004286657247215325], [0.0696156788844812, -0.03840486538150404, -0.9968343511178178, 0.010049902644076982], [0.0, 0.0, 0.0, 1.0]], [[-0.9839426108711348, 0.002155479551497501, 0.17847210543947253, 0.2036430418579474], [0.17816850818194002, -0.047670965281247334, 0.9828445766047532, -0.36181978005628096], [0.010626438929247835, 0.9988607675632565, 0.04652145546547079, 0.029096543255883588], [0.0, 0.0, 0.0, 1.0]], null, null, null, null, [[0.9960790612085418, 0.08522527236288101, -0.023730924393773507, 0.0818827283608787], [-0.08546224739517173, 0.9962993415909271, -0.009155665767748854, 0.013836743701970609], [0.02286281024014073, 0.011147865094135229, 0.9996764561655765, 0.00906015986129589], [0.0, 0.0, 0.0, 1.0]], [[0.6620972069669839, 0.003910557827532212, 0.7494077635466533, -0.04814622287543104], [-0.7494178045794205, 0.002797535915629983, 0.6620914800631121, 0.3081981609465365], [0.0004926518859295129, -0.9999884405983289, 0.004782882377917932, 0.02345041596776611], [0.0, 0.0, 0.0, 1.0]], null, null, null, null, null, null, null, null, null, null, null, null, null, null, null, null, null, null, null, null]}, "1-17-1": {"poses_world": [null, null, null, null, null, null, null, null, null, null, null, null, null, null, null, null, null, null, null, null, null, null, null, null, null, null, null, null, null, null, null, null, null, null, null, null, null, null, null, [[-0.6650280630565022, 0.746818115667493, -0.0006143762459597349, -0.05161993739320123], [0.7466455028091102, 0.6648562051563929, -0.022061722506886563, 0.27394167102013595], [-0.01606762217154514, -0.015130385847522848, -0.9997564218057603, 0.03602803309087686], [0.0, 0.0, 0.0, 1.0]], null, null, null, null, null, null, null, null, null, null, null, [[0.8159594232079587, 0.5765661184880632, -0.04221055187679622, 0.004935946269725156], [-0.5763336999384837, 0.8170002511434881, 0.018709782112435926, 0.36204471120754556], [0.04527345793457235, 0.009060940518789194, 0.9989335380111939, 0.010408016257773078], [0.0, 0.0, 0.0, 1.0]], [[0.9349979768796727, -0.35410402380669126, 0.019726214913899982, 0.007242405504333268], [0.3538268250924388, 0.9351701379182156, 0.016229325033106392, 0.2718029589544409], [-0.024194236419525988, -0.008194722078000868, 0.9996736894877952, 0.02874559837744805], [0.0, 0.0, 0.0, 1.0]], null, null, null, null, [[0.9973533539451058, 0.06715893935240881, -0.027856134683571006, -0.07874973574215205], [-0.0676718291442103, 0.997547116119938, -0.017896219183744098, 0.33666784829451113], [0.02658591572104634, 0.01973392981276856, 0.9994517302498497, 0.009082576878250854], [0.0, 0.0, 0.0, 1.0]], [[-0.1103846912763582, 0.9938560517584586, -0.008085067403072006, -0.07183797641053594], [0.9936584960393117, 0.1105306109572637, 0.020634371575305246, 0.19091237349106685], [0.021401242504042038, -0.005756077180091544, -0.9997543970369827, 0.023353743434980416], [0.0, 0.0, 0.0, 1.0]], null, null, null, null, null, null, null, null, null, null, null, null, null, null, null, null, null, null, null, null]}, "1-18-1": {"poses_world": [null, null, null, null, null, null, null, null, null, null, null, null, null, null, null, null, null, null, null, null, null, null, null, null, null, null, null, null, null, null, null, null, null, null, null, null, null, null, null, [[0.748263284669138, -0.6633672213702714, 0.006781329341508029, -0.07371276004736226], [0.6633001957273831, 0.7482884723116338, 0.009859642667799698, 0.1196313834984234], [-0.011614954333441172, -0.0028795515287574494, 0.9999283979459854, 0.03531565738971992], [0.0, 0.0, 0.0, 1.0]], null, null, null, null, null, null, null, null, null, null, null, [[0.9787780163974822, 0.1932464633227357, -0.06818650181865639, 0.09512055986225565], [-0.1946346683323354, 0.9807719109448471, -0.014276014316163344, 0.003998721988782066], [0.06411661641238464, 0.027244506140652623, 0.997570446828182, 0.010336037774830616], [0.0, 0.0, 0.0, 1.0]], [[0.00177422640581178, -0.18971235228100605, 0.9818381106438423, -0.04805398639235325], [-0.019250653888020112, -0.9816641893819376, -0.18964396011997942, 0.20812880499879702], [0.9998131147597262, -0.018564554320324844, -0.005393781358484892, 0.029249749630489166], [0.0, 0.0, 0.0, 1.0]], null, null, null, null, [[0.9838332367338113, 0.17785935243166406, -0.020933538890052932, 0.025161112838586245], [-0.17813481914009596, 0.983931557560699, -0.012110996907862806, -0.2087588946171009], [0.01844311545801289, 0.01564419345207768, 0.999707512577272, 0.008990746217791605], [0.0, 0.0, 0.0, 1.0]], [[-0.9948318032105787, -0.006292092932845613, -0.10134146677107356, 0.2004927542375461], [-0.1013467217686624, 0.0005212012882947417, 0.9948510292179239, -0.34276338102549236], [-0.006206875827137528, 0.9999800687592436, -0.0011561906092775714, 0.02401150321038128], [0.0, 0.0, 0.0, 1.0]], null, null, null, null, null, null, null, null, null, null, null, null, null, null, null, null, null, null, null, null]}, "1-19-1": {"poses_world": [null, null, null, null, null, null, null, null, null, null, null, null, null, null, null, null, null, null, null, null, null, null, null, null, null, null, null, null, null, null, null, null, null, null, null, null, null, null, null, [[0.7573981445320868, 0.6519589231997326, 0.03602239747153352, 0.21714855277151948], [-0.6517662030941284, 0.7581949380159678, -0.018473020089466795, -0.20044563539072546], [-0.03935564970389171, -0.009486750086702573, 0.999180231194141, 0.03586537963890783], [0.0, 0.0, 0.0, 1.0]], null, null, null, null, null, null, null, null, null, null, null, [[0.37886685356267097, 0.9253437507967908, 0.014101423078894254, 0.1540321853180976], [0.9241430159067223, -0.3790972743467537, 0.047380826646334584, 0.22786213793208177], [0.04918936289839096, -0.0049192930579886425, -0.998777356137723, 0.010254954719016529], [0.0, 0.0, 0.0, 1.0]], [[-0.02127582103114124, 0.25329284859236073, -0.9671556608382226, 0.18844082832744496], [0.049781564665538125, 0.9664430637951438, 0.252011111385405, 0.16396350208524732], [0.998533492307044, -0.04278477876796457, -0.03317118398361192, 0.029419299583076455], [0.0, 0.0, 0.0, 1.0]], null, null, null, null, [[0.9992778640628044, 0.030208483510447925, -0.02304773130003991, 0.20451380728032326], [-0.03039352371383495, 0.9995081899199665, -0.007720880724943761, 0.2094407338537582], [0.022803160095399067, 0.008415806967323388, 0.9997045513964374, 0.009140885118017528], [0.0, 0.0, 0.0, 1.0]], [[-0.23557595718981156, 0.9718536275582061, -0.0021201405753560223, 0.2680862386969686], [0.9715759804803124, 0.2355598943483169, 0.023487237562757453, -0.29233102829653307], [0.02332557711662161, 0.0034731508123332132, -0.9997218886648486, 0.023526812297200436], [0.0, 0.0, 0.0, 1.0]], null, null, null, null, null, null, null, null, null, null, null, null, null, null, null, null, null, null, null, null]}, "1-20-1": {"poses_world": [null, null, null, null, null, null, null, null, null, null, null, null, null, null, null, null, null, null, null, null, null, null, null, null, null, null, null, null, null, null, null, null, null, null, null, null, null, null, null, [[0.7962516521904451, 0.6046423169468442, 0.019773086282569477, 0.2742676478510109], [-0.6048499999917979, 0.7963129984305288, 0.006487375471027488, 0.14753724311903488], [-0.011823023890192276, -0.017125334675035648, 0.9997834460613755, 0.03494932003618753], [0.0, 0.0, 0.0, 1.0]], null, null, null, null, null, null, null, null, null, null, null, [[0.04223441442692587, 0.9980258166833935, -0.046483582816508565, 0.2651684601453778], [0.9960673464363982, -0.038433445499398575, 0.07982926549954356, 0.014548925403219564], [0.0778851436486224, -0.04967232127140089, -0.9957241409639235, 0.009960417126140198], [0.0, 0.0, 0.0, 1.0]], [[-0.7234375047420659, -0.00380985298050909, 0.6903793607523615, 0.20184690661871063], [0.6901010858158338, 0.024929874356543633, 0.7232834801931908, -0.0421543670694679], [-0.019966674444674117, 0.9996819426121665, -0.015406022419383741, 0.02914851505839325], [0.0, 0.0, 0.0, 1.0]], null, null, null, null, [[0.9973815337044893, 0.07026337946451074, -0.0171211486619978, 0.2765333452348641], [-0.0703605855563367, 0.997508368982833, -0.0051421599915443175, 0.15709038513317328], [0.016717183538188927, 0.006333349464175555, 0.9998401994614515, 0.07972644585245876], [0.0, 0.0, 0.0, 1.0]], [[0.999583984053902, -0.022730287685862115, 0.017753671300497247, 0.24363459868208462], [0.017515546407510695, -0.010632699596954518, -0.9997900536279245, 0.37763986446222025], [0.022914284998107482, 0.9996850902764328, -0.010230142815554242, 0.023921686898063198], [0.0, 0.0, 0.0, 1.0]], null, null, null, null, null, null, null, null, null, null, null, null, null, null, null, null, null, null, null, null]}, "1-21-1": {"poses_world": [null, null, null, null, null, null, null, null, null, null, null, null, null, null, [[-0.6955203013182945, 0.7175725387187056, -0.03662188049378211, 0.018996875911070934], [-0.7184242936840293, -0.6953075842775323, 0.020344470765948346, -0.2975966291297791], [-0.010864837721422077, 0.04046004106442046, 0.9991220848216465, 0.009573559127128073], [0.0, 0.0, 0.0, 1.0]], null, null, null, null, null, null, null, null, null, null, null, null, null, null, null, null, null, null, null, null, null, null, null, null, null, null, null, null, null, null, null, null, null, null, null, null, [[0.9971806761273175, 0.056312263070534795, 0.04959463868343709, 0.27761507707087746], [-0.06060291393432569, 0.9941191111598626, 0.0897467528626762, 0.12936105268360995], [-0.0442491353693437, -0.09249930731957154, 0.9947290546497901, 0.010183740658406413], [0.0, 0.0, 0.0, 1.0]], null, null, null, [[-0.010385053338626537, 0.9982208005997047, 0.05871442682372307, 0.08796286319191961], [0.9982804923311328, 0.013737504963619916, -0.05698543312536304, -0.19925785099372054], [-0.05769063440684779, 0.05802167015399488, -0.9966470169996379, 0.011647767055703048], [0.0, 0.0, 0.0, 1.0]], [[0.8940476054184225, -0.447914306039318, 0.0071870502226009806, 0.0444973632764843], [0.44796791071114134, 0.8938562146236035, -0.01859619724186089, 0.3657738122482254], [0.0019053132762744788, 0.019845453486369197, 0.9998012441266712, 0.05061873190777961], [0.0, 0.0, 0.0, 1.0]], [[0.9972920438717411, 0.06943028792722238, -0.024249007164579253, 0.254300324126345], [-0.06965504284265854, 0.9975345028088097, -0.00854931064877174, 0.03611762737162052], [0.023595640205602324, 0.010215225123548492, 0.9996693928189274, 0.009114186908378303], [0.0, 0.0, 0.0, 1.0]], null, null, null, null, null, null, null, null, null, null, null, null, null, null, null, null, null, null, null, null, null]}, "1-22-1": {"poses_world": [null, null, null, null, null, null, null, null, null, null, null, null, null, null, [[0.529322605442