{"1-1-1": {"poses_world": [null, null, null, null, null, null, null, null, null, null, null, null, null, null, null, null, null, null, null, null, null, null, null, null, null, null, null, null, null, null, null, null, null, null, null, [[0.2646476389538998, 0.9641480520740158, -0.019497714686807634, 0.08987356786289166], [-0.9643447900602766, 0.2645752389120546, -0.006250507037837994, -0.020740240677491514], [-0.0008678016635052218, 0.020456701506133424, 0.9997903631680803, 0.015492686938581418], [0.0, 0.0, 0.0, 1.0]], null, null, null, [[-0.26408104109458425, 0.9644933689376377, -0.0037074262941349714, 0.10197524210794588], [0.9644098579270552, 0.26410696966852093, 0.012693876698160628, -0.0005532586809042342], [0.013222317025301316, -0.0002232662916251347, -0.9999125564191329, 0.06617857280517826], [0.0, 0.0, 0.0, 1.0]], null, null, null, null, null, null, null, null, [[-0.011838215385657654, -0.9999156687292788, 0.0053396709788302785, -0.048508314010029197], [0.9999050233753873, -0.011875438979158832, -0.006994153109496504, -0.1571239370021767], [0.00705697422055504, 0.005256365543953464, 0.9999612841185999, 0.04248228058864179], [0.0, 0.0, 0.0, 1.0]], null, null, [[0.9794665569660057, 0.1925600206088597, 0.05971517602984228, -0.06772221992605648], [-0.19520099122905085, 0.9798616643174897, 0.04204392731602482, -0.2955303027723353], [-0.05041663225916199, -0.05283708228199842, 0.9973296375459666, 0.010208212423753122], [0.0, 0.0, 0.0, 1.0]], null, null, null, null, null, null, [[0.9602798824882787, -0.27903860422340226, -6.812747789916038e-05, 0.09401195926939125], [0.27889095158808147, 0.9597637536363904, 0.03276239197739561, -0.11705160848010782], [-0.009076585844478175, -0.03148006605522875, 0.9994631664201369, 0.023027100233520118], [0.0, 0.0, 0.0, 1.0]], null, null, null, null, null, null, null, null, null, null, null, null, null, null, null, null, null, null, null, null]}, "1-2-1": {"poses_world": [null, null, null, null, null, null, null, null, null, null, null, null, null, null, null, null, null, null, null, null, null, null, null, null, null, null, null, null, null, null, null, null, null, null, null, [[-0.8390205685769292, 0.544074360452244, 0.0052512668307097025, 0.1625444764455093], [0.5440959651751075, 0.839011498084174, 0.004391669695914823, -0.08447077739855403], [-0.002016478369351123, 0.0065418942999158555, -0.9999765684424582, 0.015490075340323744], [0.0, 0.0, 0.0, 1.0]], null, null, null, [[-0.7944410069450784, 0.6073083730419511, 0.006326651343916926, -0.0015450098331442647], [0.6072893950370777, 0.7944661976809969, -0.004801189206759766, -0.23613355794138427], [-0.007942113043078847, 2.784667930563145e-05, -0.9999684605351179, 0.03633521652010808], [0.0, 0.0, 0.0, 1.0]], null, null, null, null, null, null, null, null, [[-0.15468590648975847, -0.9879624588584021, 0.0015653178276426568, 0.20007690945724252], [0.9879439653593527, -0.15467260868148575, 0.006565472846793615, -0.22333139208904398], [-0.006244328905469168, 0.002562032420529083, 0.9999772219137778, 0.04258523279869515], [0.0, 0.0, 0.0, 1.0]], null, null, [[0.9339068742897477, -0.3574962479804513, 0.0037924707319915364, -0.04742955743065731], [0.35745665282664374, 0.9335044948507627, -0.028179770108992447, 0.32805700708532765], [0.0065338736080124025, 0.027672924914493212, 0.999595677122681, 0.010238326916040893], [0.0, 0.0, 0.0, 1.0]], null, null, null, null, null, null, [[0.0019409295448902233, -0.01672913331217991, 0.999858174388311, -0.07774425917558601], [0.9999981150269226, -1.9820876719762608e-05, -0.0019415328314603382, 0.2159655281618965], [5.229822717930584e-05, 0.999860058061005, 0.016729063307289023, 0.023846808114458967], [0.0, 0.0, 0.0, 1.0]], null, null, null, null, null, null, null, null, null, null, null, null, null, null, null, null, null, null, null, null]}, "1-3-1": {"poses_world": [null, null, null, null, null, null, null, null, null, null, null, null, null, null, null, null, null, null, null, null, null, null, null, null, null, null, null, null, null, null, null, null, null, null, null, [[-0.574642197431545, -0.8184023617547823, 0.0019796982699167675, 0.14599593690118257], [0.8184046392383759, -0.5746417272024055, 0.0008554711800975585, 0.09733028702932925], [0.00043749759895959407, 0.0021117840871625227, 0.9999976744792061, 0.015428876776372672], [0.0, 0.0, 0.0, 1.0]], null, null, null, [[0.8803400394700583, -0.4742790193269355, -0.007799149449548469, 0.23844036685586376], [0.4741927551438548, 0.8803559633447847, -0.010705548671393141, 0.37336517172012545], [0.01194344485215231, 0.005726222974662875, 0.999912278400214, 0.03583268034543817], [0.0, 0.0, 0.0, 1.0]], null, null, null, null, null, null, null, null, [[-0.00040940540323365914, -0.9999968954025236, 0.002457961051342518, 0.16467931914066972], [0.9999996863175271, -0.0004110706936372648, -0.0006770418988867558, -0.3707881308921603], [0.0006780501926984974, 0.0024576830957113655, 0.9999967500155873, 0.042612959630819715], [0.0, 0.0, 0.0, 1.0]], null, null, [[0.9999680370552462, -0.006641251030318788, -0.004451814532402627, -0.07694068423307639], [0.006516816657026075, 0.9996031387762839, -0.027406131599725832, 0.3697622656795226], [0.004632058779563281, 0.027376243959956425, 0.9996144683317202, 0.010194047096731574], [0.0, 0.0, 0.0, 1.0]], null, null, null, null, null, null, [[0.9999201430556045, -0.0014423971130857877, 0.012554959268328725, 0.16555273582778188], [-0.012558020483534897, -0.0021332273252393013, 0.9999188694402733, -0.32286462558943124], [-0.0014154975084221786, -0.9999966844103768, -0.002151170624714627, 0.02340051629045036], [0.0, 0.0, 0.0, 1.0]], null, null, null, null, null, null, null, null, null, null, null, null, null, null, null, null, null, null, null, null]}, "1-4-1": {"poses_world": [null, null, null, null, null, null, null, null, null, null, null, null, null, null, null, null, null, null, null, null, null, null, null, null, null, null, null, null, null, null, null, null, null, null, null, [[0.502414733571024, 0.86448177256424, 0.01583352124283484, 0.01366424968848791], [-0.8646245253205821, 0.5022875431918182, 0.01147406503752512, -0.3227006671749027], [0.0019661395970181116, -0.01945479011754396, 0.9998088044404128, 0.015359075623094753], [0.0, 0.0, 0.0, 1.0]], null, null, null, [[-0.7364156269823026, 0.6764806283094427, -0.00812304489242566, -0.04971587274828136], [0.6763914543402584, 0.736454854370968, 0.011351121922823594, 0.011214343421321596], [0.013661069933668937, 0.0028647854192889637, -0.9999025793409924, 0.036089089435641125], [0.0, 0.0, 0.0, 1.0]], null, null, null, null, null, null, null, null, [[-0.5405762185362021, -0.7228464445569625, 0.4304304468139527, 0.0900101010835112], [0.8411869007560143, -0.47261025304465354, 0.2627625291276517, -0.34072732518674026], [0.013488882444147175, 0.5041156279152897, 0.8635308238516917, 0.06003938433743424], [0.0, 0.0, 0.0, 1.0]], null, null, [[-0.8658327567361729, -0.4997157516258208, 0.024855682241288937, -0.030488049175582305], [0.5000375100572739, -0.8659606812647676, 0.008636378823410775, 0.33897401507006125], [0.017208308991901095, 0.019906433143600213, 0.9996537440639828, 0.010250380060499113], [0.0, 0.0, 0.0, 1.0]], null, null, null, null, null, null, [[0.9982533340146029, -0.05823289903812192, 0.009960451714008878, 0.10859296355989148], [0.05832098066342751, 0.9982591519671784, -0.008793675467401153, 0.239484667512407], [-0.009431030865569347, 0.00935921916538742, 0.999911726440603, 0.023037792947819657], [0.0, 0.0, 0.0, 1.0]], null, null, null, null, null, null, null, null, null, null, null, null, null, null, null, null, null, null, null, null]}, "1-5-1": {"poses_world": [null, null, null, null, null, null, null, null, null, null, null, null, null, null, null, null, null, null, null, null, null, null, null, null, null, null, null, null, null, null, null, null, null, null, null, [[-0.9999892999988027, 0.004216979637841721, 0.0019018334935756015, -0.025816943192260633], [0.00420240337406417, 0.9999622566842654, -0.0076042759545553425, -0.3747284230329895], [-0.0019338287889344703, -0.007596202317303106, -0.9999692785363804, 0.015374341441207006], [0.0, 0.0, 0.0, 1.0]], null, null, null, [[0.02035403112203376, 0.9997829576730278, 0.004444205626993993, 0.15204412967288775], [0.9997927984791048, -0.020352623704036125, -0.00036168727013672204, -0.05815499047591233], [-0.00027115752390040657, 0.004450646574782275, -0.9999900590599206, 0.03629234384109644], [0.0, 0.0, 0.0, 1.0]], null, null, null, null, null, null, null, null, [[0.9078008296493407, 0.4192935186536965, 0.009518345600525188, 0.21639917745128015], [-0.41935622557955227, 0.907802565009964, 0.005904153538171293, -0.21554524590704588], [-0.006165205239116557, -0.009351372965126748, 0.9999372690664285, 0.04233828470272277], [0.0, 0.0, 0.0, 1.0]], null, null, [[0.9154177272149221, -0.4024960548000933, 0.002703806765608188, 0.0914211709970985], [0.402462185304571, 0.9152012606873321, -0.02075672990107634, -0.025660515657455224], [0.005879974535194785, 0.020089258489985273, 0.9997808997939437, 0.010274588589910831], [0.0, 0.0, 0.0, 1.0]], null, null, null, null, null, null, [[0.5044199657583551, -0.0019732196561375484, 0.8634561972378969, 0.18387212860240618], [0.8634382245828814, -0.005692083136451602, -0.504422474240324, 0.16674267420219868], [0.0059102008005309705, 0.9999818531322242, -0.001167447104175019, 0.023839743463183412], [0.0, 0.0, 0.0, 1.0]], null, null, null, null, null, null, null, null, null, null, null, null, null, null, null, null, null, null, null, null]}, "1-6-1": {"poses_world": [null, null, null, null, null, null, null, null, null, null, null, null, null, null, null, null, null, null, null, null, null, null, null, null, null, null, null, null, null, null, null, null, null, null, null, [[0.828668774792282, 0.5597392306034463, 0.00023538844377246753, 0.039731507631271194], [0.5597351311337596, -0.8286641783274655, 0.0035017897622960635, 0.22010082608731665], [0.0021551470786291115, -0.002770068650459637, -0.9999938410114042, 0.015449980163239029], [0.0, 0.0, 0.0, 1.0]], null, null, null, [[-0.6475203736181107, 0.7620434363420305, -0.0026771024433280776, 0.22843528791639062], [0.7620481350528631, 0.647516720163331, -0.002176458447970806, -0.02845478118555319], [7.491271889772266e-05, -0.0034493821116782664, -0.999994048057853, 0.036301994172947556], [0.0, 0.0, 0.0, 1.0]], null, null, null, null, null, null, null, null, [[-0.16540084737108557, 0.9862224689564042, 0.0027931012265553046, 0.10957455528786676], [-0.9862248796253911, -0.16540493727238822, 0.0013013584445589308, 0.06109708776921132], [0.0017454216713639894, -0.002539380131477417, 0.9999952525145992, 0.04260126672074884], [0.0, 0.0, 0.0, 1.0]], null, null, [[0.9728295058756908, -0.22872859024943282, 0.03586062604258506, 0.11983425098213299], [0.22652276558871987, 0.9723495477457541, 0.05677846130942132, 0.3642943377481024], [-0.0478559209262231, -0.04711251427311746, 0.997742562904464, 0.010336151863544467], [0.0, 0.0, 0.0, 1.0]], null, null, null, null, null, null, [[0.33027121138880067, 0.9438341844776112, -0.00989743094226058, -0.06144038050011941], [-0.943854684004244, 0.33015654865357325, -0.011618470829239412, -0.25264387921337367], [-0.007698208299558267, 0.013178982989719588, 0.9998835192142799, 0.023013047391535736], [0.0, 0.0, 0.0, 1.0]], null, null, null, null, null, null, null, null, null, null, null, null, null, null, null, null, null, null, null, null]}, "1-7-1": {"poses_world": [null, null, null, null, null, null, null, null, null, null, null, null, null, null, null, null, null, null, null, null, null, null, null, null, null, null, null, null, null, null, null, null, null, null, null, [[-0.0031795864173758594, 0.9999478396438722, 0.009706091992519747, 0.2758856331355403], [-0.9999948808360046, -0.0031759566352864087, -0.0003893600325641377, -0.11382612659495586], [-0.00035851359613983414, -0.00970728030931444, 0.9999528189754741, 0.015454532794069137], [0.0, 0.0, 0.0, 1.0]], null, null, null, [[0.7952336590579819, -0.6062492467786349, 0.008079497607562294, -0.07365819365871273], [0.6062875160799404, 0.7952381217909678, -0.003431835658854535, -0.11812712740898917], [-0.0043445767192038165, 0.007627609763939441, 0.9999614713689823, 0.03553963843779414], [0.0, 0.0, 0.0, 1.0]], null, null, null, null, null, null, null, null, [[0.35506195647955713, -0.9348276523032014, 0.005316723633345655, 0.1036052177333382], [0.9348422399077615, 0.3550620763378332, -0.0009531164179295272, 0.28441060341245195], [-0.000996767349225471, 0.005308713210470551, 0.9999854119030439, 0.042552187854095445], [0.0, 0.0, 0.0, 1.0]], null, null, [[0.5722875349872171, 0.8197465304285508, -0.022418812381731604, -0.06413680724799552], [-0.8200268060490546, 0.5722739844313053, -0.0076501048426845545, 0.09286389994890488], [0.006558556185706131, 0.022762086755618298, 0.9997193970046234, 0.01022936791958494], [0.0, 0.0, 0.0, 1.0]], null, null, null, null, null, null, [[0.9222826881916375, 0.3865027770548937, -0.0032009984164780873, 0.15893855587260003], [0.3864507244036275, -0.9219429971518122, 0.026018216899817155, 0.23586417115515423], [0.007104975011829881, -0.025233179181179656, -0.9996563439495058, 0.02333121880674045], [0.0, 0.0, 0.0, 1.0]], null, null, null, null, null, null, null, null, null, null, null, null, null, null, null, null, null, null, null, null]}, "1-8-1": {"poses_world": [null, null, null, null, null, null, null, null, null, null, null, null, null, null, null, null, null, null, null, null, null, null, null, null, null, null, null, null, null, null, null, null, null, null, null, [[-0.5705126375985602, 0.8212872236909108, 0.0016206611026603705, 0.14247639500862264], [-0.8212871942383648, -0.5705064659125823, -0.003117199385653434, 0.01936850344963664], [-0.0016355183910135615, -0.003109429853244529, 0.999993828243745, 0.01544885289463769], [0.0, 0.0, 0.0, 1.0]], null, null, null, [[-0.4950105516072732, 0.8688753845485601, -0.004485523721361911, 0.06807169195831067], [0.8688611024824696, 0.4949493943928393, -0.010270422732714776, 0.21772851227465959], [-0.006703610251941097, -0.008981264707915134, -0.9999371972748272, 0.03621643048852585], [0.0, 0.0, 0.0, 1.0]], null, null, null, null, null, null, null, null, [[0.8046997986762916, 0.5936669882349166, -0.0042120173812122816, -0.03475384243573558], [-0.5936540785036346, 0.8047105176075724, 0.0039771758514652745, -0.11298154025436337], [0.005750572696427454, -0.0006999513098891551, 0.9999832203501348, 0.042633699313964324], [0.0, 0.0, 0.0, 1.0]], null, null, [[0.6486780987386492, -0.7607986963225923, 0.020051630623322377, 0.2412587880175477], [0.7610571386327359, 0.6483455779968913, -0.02097720734579563, 0.3345344876630829], [0.002959045954911901, 0.02886789160502326, 0.9995788557594227, 0.010365080221838718], [0.0, 0.0, 0.0, 1.0]], null, null, null, null, null, null, [[0.47643450727965175, 0.879039465575918, 0.017314105036072454, -0.055201582689307166], [-0.8791685653897165, 0.4765107879406227, -0.00032032295433509137, 0.05487492940803555], [-0.008531934351816027, -0.015069403976651645, 0.999850048337252, 0.022883570420106112], [0.0, 0.0, 0.0, 1.0]], null, null, null, null, null, null, null, null, null, null, null, null, null, null, null, null, null, null, null, null]}, "1-9-1": {"poses_world": [null, null, null, null, null, null, null, null, null, null, null, null, null, null, null, null, null, null, null, null, null, null, null, null, null, null, null, null, null, null, null, null, null, null, null, [[-0.8226487099027878, 0.5685334278815143, 0.004340676971820209, 0.13763982602951078], [-0.5685499880996434, -0.8226233037191054, -0.006466158841191438, 0.2729722182544302], [-0.00010548542027274445, -0.0077872690694053715, 0.9999696731967758, 0.015450217452150833], [0.0, 0.0, 0.0, 1.0]], null, null, null, [[-0.37082239614064744, 0.9286987161068967, -0.0030733079753391757, -0.07123269991003511], [0.9286351928917979, 0.3708331952194278, 0.010927938788420303, -0.37379862797948404], [0.011288447338889068, 0.0011983425019051108, -0.9999355653900535, 0.036231053497069336], [0.0, 0.0, 0.0, 1.0]], null, null, null, null, null, null, null, null, [[0.6358450638683749, 0.7717595552278187, -0.009393810131262935, 0.18843867236412623], [-0.7716999226235977, 0.635913484852291, 0.009657598342695153, -0.14377482098533825], [0.013426994338139507, 0.001108466316410456, 0.9999092394439951, 0.04259842221700473], [0.0, 0.0, 0.0, 1.0]], null, null, [[-0.7035417779827519, 0.7079920104433775, -0.06145144246648579, 0.09870126597726286], [0.7096618613652266, 0.7044955334313762, -0.008129323396330393, 0.3090440860692044], [0.037536770725642106, -0.0493290636803956, -0.9980769681341743, 0.009922028282409755], [0.0, 0.0, 0.0, 1.0]], null, null, null, null, null, null, [[0.18233256924783858, 0.9829625093607556, 0.023227987056340358, 0.2700896019494183], [-0.9832157073380486, 0.18243291806653023, -0.0022590372888053453, -0.06617975650011935], [-0.006458098421643363, -0.02242622565074405, 0.999727641594369, 0.023081076744462786], [0.0, 0.0, 0.0, 1.0]], null, null, null, null, null, null, null, null, null, null, null, null, null, null, null, null, null, null, null, null]}, "1-10-1": {"poses_world": [null, null, null, null, null, null, null, null, null, null, null, null, null, null, null, null, null, null, null, null, null, null, null, null, null, null, null, null, null, null, null, null, null, null, null, [[-0.9453664867053396, 0.32592813910878465, 0.0072838143501593846, 0.10183638548430328], [0.3260075333251216, 0.9450467897885502, 0.024610024900953563, -0.2957313729767247], [0.0011375542503547457, 0.025640071127839323, -0.9996705921066629, 0.015548131977535393], [0.0, 0.0, 0.0, 1.0]], null, null, null, [[0.7892739373534623, 0.6140325189427395, 0.003273758604090148, 0.2740862609361917], [0.6140336237372601, -0.7892794872134641, 0.000774586431732626, 0.1436976381230113], [0.0030595317701125665, 0.0013988369761160082, -0.9999943412442202, 0.03636180078633841], [0.0, 0.0, 0.0, 1.0]], null, null, null, null, null, null, null, null, [[0.6193783969167296, -0.7850814138711532, 0.004192257975510869, -0.04680243434199079], [0.7850890512208524, 0.6193506903052898, -0.0063169669543679694, 0.11215644698708718], [0.002362855476842058, 0.0072038887020393644, 0.9999712600377894, 0.04262183789970977], [0.0, 0.0, 0.0, 1.0]], null, null, [[0.4514363908628678, -0.8919663079509855, -0.024521225193598655, 0.15707030322320717], [0.891382451402872, 0.4495520307707772, 0.05779530223881758, 0.19457491900447507], [-0.04052789577209964, -0.04794869247599228, 0.9980272604263515, 0.0103485406696188], [0.0, 0.0, 0.0, 1.0]], null, null, null, null, null, null, [[0.9939101066462219, -0.11019206441998722, 0.0006394101650285261, 0.12259867265032204], [0.11017845990379972, 0.9938511305105228, 0.010983503820867413, 0.04848159407542158], [-0.0018457734759597117, -0.010846166226717534, 0.9999394750675957, 0.023099644659450923], [0.0, 0.0, 0.0, 1.0]], null, null, null, null, null, null, null, null, null, null, null, null, null, null, null, null, null, null, null, null]}, "1-11-1": {"poses_world": [null, null, null, null, null, null, null, null, null, null, null, null, null, null, null, null, null, null, null, null, null, null, null, null, null, null, null, null, null, null, null, null, null, null, null, null, null, null, null, [[0.6639312461824337, 0.7477355834449957, -0.009316522570796109, -0.07356202647155502], [0.7477208302960239, -0.6639889241197052, -0.00568054467290769, -0.17841122574040308], [-0.010433613183601847, -0.0031946668884286268, -0.9999404651375033, 0.03604265682689074], [0.0, 0.0, 0.0, 1.0]], null, null, null, null, null, null, null, null, null, null, null, [[0.9985715695223789, 0.023150928457232278, 0.0481544915161695, -0.07517635124687817], [-0.02558946762239785, 0.9983882913623943, 0.050655688893561285, 0.22254586885795474], [-0.04690415427672671, -0.05181557856520713, 0.9975545830326971, 0.010275356827728769], [0.0, 0.0, 0.0, 1.0]], [[0.7028093664343084, -0.7113564607942051, 0.0055659804660969795, -0.019417456146159397], [0.7113016900903286, 0.7028270091976657, 0.009170649753795702, 0.06325922880877742], [-0.01043552235628312, -0.00248612723071162, 0.9999424578667238, 0.02900166364331727], [0.0, 0.0, 0.0, 1.0]], null, null, null, null, [[-0.4015885952483517, -0.9158200316764555, 0.0005193713435886114, -0.0754225306737612], [0.9158128883654281, -0.401583070877924, 0.00421790090317431, -0.3779668807009049], [-0.0036542673996689578, 0.002169507868908586, 0.9999909697419164, 0.00881962792917546], [0.0, 0.0, 0.0, 1.0]], [[-0.9214337439452904, 0.3884107764850792, -0.009845010371926342, 0.007362051284028124], [0.3884312192826151, 0.9214777022947147, -0.0001790538324294789, -0.17549648744122925], [0.009002411098503763, -0.00398909562580054, -0.9999515206801292, 0.023360713901869334], [0.0, 0.0, 0.0, 1.0]], null, null, null, null, null, null, null, null, null, null, null, null, null, null, null, null, null, null, null, null]}, "1-12-1": {"poses_world": [null, null, null, null, null, null, null, null, null, null, null, null, null, null, null, null, null, null, null, null, null, null, null, null, null, null, null, null, null, null, null, null, null, null, null, null, null, null, null, [[-0.9679435656819388, 0.25116696469005007, -0.0006399244647249051, 0.27378208375717056], [0.25115176092325936, 0.9678499163031498, -0.013759814574746185, -0.21418954718959377], [-0.0028366600218125643, -0.013479442138776275, -0.9999051244990936, 0.0362315362337809], [0.0, 0.0, 0.0, 1.0]], null, null, null, null, null, null, null, null, null, null, null, [[-0.8966078002127731, 0.4427034388168816, 0.010397973712181556, 0.22499168982525988], [-0.4424084995515669, -0.8965352595313756, 0.022343856908324338, 0.014424753127059653], [0.019213852350398634, 0.015433524442458737, 0.9996962709749101, 0.010351330122375983], [0.0, 0.0, 0.0, 1.0]], [[0.8755767244964838, -0.48293417863310817, -0.011831256398811269, -0.06046545455149489], [0.4829847276005933, 0.875627159874581, 0.0016821993210833048, -0.05215672783626062], [0.009547377890814697, -0.00718721072045614, 0.9999285932392721, 0.02917813118057719], [0.0, 0.0, 0.0, 1.0]], null, null, null, null, [[0.9979401602104283, -0.06410197366908146, 0.0025246011392675485, 0.15153521579521065], [0.06409670487278872, 0.9979414498786405, 0.0021154286953816194, -0.3775569760012459], [-0.002655007275816089, -0.001949252637037774, 0.9999945756605493, 0.008883790071370835], [0.0, 0.0, 0.0, 1.0]], [[-0.0019289465187162073, -0.9998638658637677, -0.01638685159782916, -0.0774746179211872], [0.9999488777592408, -0.002091245327522275, 0.009892854037899248, 0.09196547581934658], [-0.00992577620959667, -0.01636693107889969, 0.9998167844828849, 0.023125966007439568], [0.0, 0.0, 0.0, 1.0]], null, null, null, null, null, null, null, null, null, null, null, null, null, null, null, null, null, null, null, null]}, "1-13-1": {"poses_world": [null, null, null, null, null, null, null, null, null, null, null, null, null, null, null, null, null, null, null, null, null, null, null, null, null, null, null, null, null, null, null, null, null, null, null, null, null, null, null, [[-0.9072155798606895, -0.4206596512432922, -0.0023128929729504576, 0.11361279830507261], [-0.4206602928023284, 0.9071608741881851, 0.010201294113318313, 0.12750608806748692], [-0.0021931068126933234, 0.010227715189565043, -0.9999452905656936, 0.036191793170049384], [0.0, 0.0, 0.0, 1.0]], null, null, null, null, null, null, null, null, null, null, null, [[0.7731471005358936, -0.634062124443213, 0.014449334915486998, 0.2557560553409186], [0.634203679351258, 0.7727240265552118, -0.026139469803862052, 0.20566989122090856], [0.005408699498716057, 0.02937347665598198, 0.999553872904744, 0.010302249156829523], [0.0, 0.0, 0.0, 1.0]], [[-0.071303166969611, 0.9974149935328441, -0.008898823291925154, 0.24100964976077824], [0.997331978573563, 0.07143149594155992, 0.015048784073578209, 0.2993651254536935], [0.015645539129286932, -0.0078020550772242465, -0.9998471608410591, 0.028961670378528183], [0.0, 0.0, 0.0, 1.0]], null, null, null, null, [[0.9878028477604783, 0.15570331732201895, -0.001418073061671512, -0.0780476123286908], [-0.1557095993258177, 0.9877744406460913, -0.007495003942297449, -0.15224341127034427], [0.00023373934813053854, 0.007624393826424925, 0.9999709065691343, 0.008868813070681658], [0.0, 0.0, 0.0, 1.0]], [[-0.8473957743214774, 0.011215964643215313, 0.5308432949555131, -0.04435826029802786], [0.5309516570908329, 0.011729270884794866, 0.8473209321367022, 0.12111180872846483], [0.0032771168123911978, 0.9998683044989642, -0.015894469596834448, 0.02367888280644179], [0.0, 0.0, 0.0, 1.0]], null, null, null, null, null, null, null, null, null, null, null, null, null, null, null, null, null, null, null, null]}, "1-14-1": {"poses_world": [null, null, null, null, null, null, null, null, null, null, null, null, null, null, null, null, null, null, null, null, null, null, null, null, null, null, null, null, null, null, null, null, null, null, null, null, null, null, null, [[0.0824245550075819, 0.9965113123830199, -0.01309186863944572, -0.07360383783256022], [0.9965283385146204, -0.08256628430249982, -0.010680788068694264, -0.17195637670870306], [-0.011724473083754905, -0.01216605889962613, -0.9998572516823384, 0.03604909750862348], [0.0, 0.0, 0.0, 1.0]], null, null, null, null, null, null, null, null, null, null, null, [[0.49757322738415694, -0.8672784727302263, 0.0157776465051241, 0.025049201979985863], [0.867391653136068, 0.49732143453130445, -0.017410078276804512, -0.3211757096382374], [0.007252824304564547, 0.022348187721876214, 0.999723939417855, 0.0102466228457133], [0.0, 0.0, 0.0, 1.0]], [[0.850500074635732, -0.525968351913543, 0.0026297965634931313, 0.02346999673835588], [0.5258686947504561, 0.8504181534383644, 0.015845509898208973, 0.015354662343851104], [-0.01057066346383498, -0.012093679664764852, 0.9998709936717338, 0.02907548251020306], [0.0, 0.0, 0.0, 1.0]], null, null, null, null, [[0.5991338900260248, -0.8006366372834273, 0.004422314073854733, 0.20499025678697338], [0.8006433565620217, 0.5991411013848003, 0.0003952524603325371, -0.37761857993247455], [-0.002966043725597457, 0.0033038872397611334, 0.9999901434082861, 0.008913793309616298], [0.0, 0.0, 0.0, 1.0]], [[-0.7730090863655213, -0.6343865186026438, -0.0032706897681603507, -0.021372664410456745], [0.6343942718268366, -0.7730055244164757, -0.0025233103073731187, -0.15317402730931232], [-0.0009275072181917977, -0.00402544864916254, 0.9999914677103668, 0.02305634897367354], [0.0, 0.0, 0.0, 1.0]], null, null, null, null, null, null, null, null, null, null, null, null, null, null, null, null, null, null, null, null]}, "1-15-1": {"poses_world": [null, null, null, null, null, null, null, null, null, null, null, null, null, null, null, null, null, null, null, null, null, null, null, null, null, null, null, null, null, null, null, null, null, null, null, null, null, null, null, [[-0.8998919803816273, 0.436110928737857, 0.0012967190276557778, 0.005503135611339934], [0.43606669912207235, 0.8998360184295062, -0.011873241078692701, -0.11289991224311162], [-0.00634488468082466, -0.010119178441774714, -0.9999286697890255, 0.03610522142892078], [0.0, 0.0, 0.0, 1.0]], null, null, null, null, null, null, null, null, null, null, null, [[0.18153144517474037, 0.9814401869207221, 0.06181823282646837, 0.2693046592726263], [-0.9825550119799915, 0.18360189353845216, -0.0295971809822116, -0.22829721889651777], [-0.040397807437648724, -0.05536699545859327, 0.9976484916883893, 0.010337903720829413], [0.0, 0.0, 0.0, 1.0]], [[0.7604843376564613, -0.6490325340261802, -0.020502242676540227, -0.05925752245975824], [0.6490434505738256, 0.7607189338393993, -0.007021607043203813, -0.059750297948041285], [0.02015369560240086, -0.007967024149748609, 0.9997651499626115, 0.029250183204640953], [0.0, 0.0, 0.0, 1.0]], null, null, null, null, [[0.2193678445187149, -0.975640698839799, 0.0017249807535638837, -0.000425132743260924], [0.975640856356827, 0.21937015433351775, 0.0012863883572061536, 0.0013575317576138817], [-0.0016334621299356562, 0.0014007694584719109, 0.9999976848205169, 0.00886990484067528], [0.0, 0.0, 0.0, 1.0]], [[-0.9042573219649122, 0.016108681794157243, 0.4266839650651287, 0.24495655047429016], [0.42697326964468213, 0.025831344124713176, 0.9038952199617168, 0.3573905327023695], [0.00353874013952863, 0.9995365186082826, -0.03023615859628408, 0.023864802105240238], [0.0, 0.0, 0.0, 1.0]], null, null, null, null, null, null, null, null, null, null, null, null, null, null, null, null, null, null, null, null]}, "1-16-1": {"poses_world": [null, null, null, null, null, null, null, null, null, null, null, null, null, null, null, null, null, null, null, null, null, null, null, null, null, null, null, null, null, null, null, null, null, null, null, null, null, null, null, [[0.9928975049353047, -0.11897132250464684, 0.0006075481391883645, -0.07313468008753743], [-0.11896889345178882, -0.9928095696873713, 0.013249933133174293, 0.014327689158203987], [-0.0009731824613199444, -0.013228104878326902, -0.9999120312093582, 0.036279634863568715], [0.0, 0.0, 0.0, 1.0]], null, null, null, null, null, null, null, null, null, null, null, [[0.5915015974665516, -0.8062274088040682, 0.01110069761750624, 0.20590862729714807], [0.8062777018073664, 0.59131555013037, -0.016192212395142666, 0.005089208328375225], [0.00649059032361439, 0.018527964461745813, 0.9998072748135787, 0.010341325296592447], [0.0, 0.0, 0.0, 1.0]], [[0.9861557464235764, 0.1647601741686958, 0.018733093809102326, 0.2049616992905169], [-0.1648038399745166, 0.9863260377926338, 0.0008009381610898877, -0.3615960503217585], [-0.01834497548141005, -0.0038771355644324195, 0.9998241993942744, 0.029009491101446738], [0.0, 0.0, 0.0, 1.0]], null, null, null, null, [[0.9785389227725008, -0.20600409159708238, 0.004887828198246607, 0.08298635447926372], [0.2060074650899899, 0.9785504011635601, -0.00019159809923790754, 0.014175747074436492], [-0.00474351625182755, 0.0011944152945497421, 0.9999880361412693, 0.008906048352838647], [0.0, 0.0, 0.0, 1.0]], [[0.6820183671586362, 0.7312577514443197, 0.01063239440887624, -0.047848390590141655], [-0.7312658864400982, 0.6820817308888143, -0.003836106971512816, 0.3087598770084657], [-0.010057344940187183, -0.005158811909430794, 0.9999361161956485, 0.023051802671201417], [0.0, 0.0, 0.0, 1.0]], null, null, null, null, null, null, null, null, null, null, null, null, null, null, null, null, null, null, null, null]}, "1-17-1": {"poses_world": [null, null, null, null, null, null, null, null, null, null, null, null, null, null, null, null, null, null, null, null, null, null, null, null, null, null, null, null, null, null, null, null, null, null, null, null, null, null, null, [[-0.6816971646496879, 0.7316186899389963, -0.004802940820283014, -0.051800565281989036], [0.7316318860160285, 0.6816974784777642, -0.0018251579896330853, 0.2729478014641195], [0.001938832949157823, -0.00475818967733805, -0.9999868001917775, 0.03614615648718144], [0.0, 0.0, 0.0, 1.0]], null, null, null, null, null, null, null, null, null, null, null, [[0.826576347967881, 0.5626125563105766, -0.01544838055456806, 0.00413282050293425], [-0.562820069698301, 0.826368500941695, -0.01867270189811167, 0.3596783140306879], [0.002260558532733261, 0.02412907236208168, 0.9997062957399365, 0.010248484612215152], [0.0, 0.0, 0.0, 1.0]], [[0.9468572229818737, 0.3215429842300488, 0.008456274563259406, 0.007387703048327271], [0.32135520212661217, -0.9467834282141274, 0.0182201571142732, 0.27086557315864107], [0.013864824312586205, -0.014534419545999646, -0.9997982382937283, 0.0290822337741446], [0.0, 0.0, 0.0, 1.0]], null, null, null, null, [[0.8121161648410243, -0.5834819500322276, 0.004018555772172438, -0.07791989205465186], [0.5834869411997562, 0.812122516607976, -8.641573849606807e-05, 0.3387281540187705], [-0.003213137603215015, 0.0024149544336747866, 0.9999919218382847, 0.008872988736317327], [0.0, 0.0, 0.0, 1.0]], [[0.11046690509401647, 0.9938468477467758, 0.008093584048346156, -0.07150772596031303], [-0.9938185265686932, 0.11054685812899931, -0.010204332738536496, 0.1883576631455562], [-0.011036264213101398, -0.006916312717411609, 0.9999151791480186, 0.022979634297236085], [0.0, 0.0, 0.0, 1.0]], null, null, null, null, null, null, null, null, null, null, null, null, null, null, null, null, null, null, null, null]}, "1-18-1": {"poses_world": [null, null, null, null, null, null, null, null, null, null, null, null, null, null, null, null, null, null, null, null, null, null, null, null, null, null, null, null, null, null, null, null, null, null, null, null, null, null, null, [[-0.15393876342054952, 0.9880711195113427, 0.004280175715252538, -0.07354981232509142], [0.9880633470526812, 0.1539092214815982, 0.006540164675346839, 0.11949455977024934], [0.005803389320419509, 0.005235869605875345, -0.9999694527043642, 0.03626562851250462], [0.0, 0.0, 0.0, 1.0]], null, null, null, null, null, null, null, null, null, null, null, [[0.9809132637290734, 0.19402925507813865, -0.012720739530373056, 0.0964481593321573], [-0.19427170657401735, 0.9807033033962181, -0.02189828149794769, 0.003774840314810904], [0.008226364032541523, 0.023951594551658663, 0.999679272593584, 0.010296843764646988], [0.0, 0.0, 0.0, 1.0]], [[0.9759452820431412, 0.2172911266553606, 0.01775873685200076, -0.04752620780236335], [-0.21747985204808257, 0.976018856449534, 0.009471315013699045, 0.21046255731605382], [-0.01527482932404356, -0.013105652665498457, 0.9997974402134328, 0.028925853942792238], [0.0, 0.0, 0.0, 1.0]], null, null, null, null, [[0.9955285764284831, 0.09439582339961425, -0.0035045740093162174, 0.026206934473334453], [-0.094389687549979, 0.9955335570645484, 0.001877136815380062, -0.20909029856397834], [0.0036661149048120905, -0.0015379476958416968, 0.9999920971279671, 0.008889328803590758], [0.0, 0.0, 0.0, 1.0]], [[0.9924469849155695, -0.12266286094981821, 0.001674716573356559, 0.20058980423006234], [0.12263879917056954, 0.9923957538768088, 0.010506789484965404, -0.34224846607126264], [-0.0029507744739694967, -0.010222046315988982, 0.9999433997477648, 0.022953602845432932], [0.0, 0.0, 0.0, 1.0]], null, null, null, null, null, null, null, null, null, null, null, null, null, null, null, null, null, null, null, null]}, "1-19-1": {"poses_world": [null, null, null, null, null, null, null, null, null, null, null, null, null, null, null, null, null, null, null, null, null, null, null, null, null, null, null, null, null, null, null, null, null, null, null, null, null, null, null, [[-0.3074597712734854, 0.9515560119314579, 0.003105673124405751, 0.21582286617032345], [0.9515576803670999, 0.30744831087837626, 0.0036765571419445477, -0.19979965203279557], [0.0025436160953879613, 0.0040856205321741085, -0.9999884187939512, 0.03625507797728567], [0.0, 0.0, 0.0, 1.0]], null, null, null, null, null, null, null, null, null, null, null, [[0.4472534820245494, -0.8943484053884808, 0.010259268784703353, 0.15769424030589652], [0.8943924138852083, 0.44715058160295484, -0.010888863886040125, 0.2278278290322909], [0.005151000049071047, 0.01404589446137089, 0.9998880837610149, 0.010431288787644159], [0.0, 0.0, 0.0, 1.0]], [[0.9820885861444323, 0.18797011524954452, 0.013009409590872873, 0.18920255471688333], [-0.1880560756524149, 0.9821416192980599, 0.005722940922088393, 0.1637417959152497], [-0.011701340737000354, -0.008066933472976026, 0.9998989965037964, 0.029109327972734373], [0.0, 0.0, 0.0, 1.0]], null, null, null, null, [[0.9553045392627749, -0.29560201894399385, 0.003561412665238036, 0.20640989375954596], [0.2956145901827015, 0.9552998992285355, -0.003757207082812667, 0.2116103643019312], [-0.0022915791609430186, 0.004642082526667046, 0.9999865997775992, 0.008975989443866354], [0.0, 0.0, 0.0, 1.0]], [[0.21329569504714535, 0.9769827990235621, 0.0030914214271216766, 0.2680496751185642], [-0.9769785657366054, 0.21330631058271182, -0.0036469105881394848, -0.2915437153445865], [-0.004222388613264813, -0.002242382143284343, 0.999988571513056, 0.023127655360330585], [0.0, 0.0, 0.0, 1.0]], null, null, null, null, null, null, null, null, null, null, null, null, null, null, null, null, null, null, null, null]}, "1-20-1": {"poses_world": [null, null, null, null, null, null, null, null, null, null, null, null, null, null, null, null, null, null, null, null, null, null, null, null, null, null, null, null, null, null, null, null, null, null, null, null, null, null, null, [[0.7942395769673003, 0.6075839074550645, 0.005028894554409326, 0.27432039926834156], [-0.6076035500048784, 0.7941946108222434, 0.008534996331250625, 0.1477070438703472], [0.0011918054675506343, -0.00983440605940914, 0.9999509308247012, 0.03545873912537672], [0.0, 0.0, 0.0, 1.0]], null, null, null, null, null, null, null, null, null, null, null, [[0.09447284868734374, -0.9953552039926223, 0.01851752536662382, 0.2649794402649115], [0.9953613129588975, 0.09410094599671186, -0.02002170390511276, 0.01683538302228455], [0.01818619052023599, 0.020323135765162977, 0.9996280471390507, 0.010319077897498762], [0.0, 0.0, 0.0, 1.0]], [[0.7446786376970017, 0.6673508516460985, 0.009826869540428823, 0.20179395920886595], [-0.6674034789677515, 0.7446890981127955, 0.003277714705951724, -0.04280566389159321], [-0.00513057691486412, -0.00899933104063188, 0.9999463431711433, 0.02917944196057979], [0.0, 0.0, 0.0, 1.0]], null, null, null, null, [[0.9965851904322988, 0.08251963924994388, 0.002909870972739634, 0.2777816671717769], [-0.08252748992166944, 0.9965851591055765, 0.0026896203714352434, 0.1582480207443002], [-0.002677987723574271, -0.0029205801774335955, 0.9999921492657727, 0.07959301787568987], [0.0, 0.0, 0.0, 1.0]], [[0.9999875895654111, -0.003145306891661301, 0.0038636459098267345, 0.24584577072652603], [0.003819142744952624, -0.014034202421147557, -0.9998942220610623, 0.37783055476535005], [0.003199197376363116, 0.9998965687544686, -0.014022015874600282, 0.023816883863931597], [0.0, 0.0, 0.0, 1.0]], null, null, null, null, null, null, null, null, null, null, null, null, null, null, null, null, null, null, null, null]}, "1-21-1": {"poses_world": [null, null, null, null, null, null, null, null, null, null, null, null, null, null, [[-0.6834885269472938, 0.7295719168655791, 0.02383802954323126, 0.022814009600025886], [-0.7299243593713212, -0.6834177824803853, -0.012270459891948388, -0.3002981264530417], [0.007339150344946038, -0.025786676999531157, 0.9996405274705183, 0.009455871655368034], [0.0, 0.0, 0.0, 1.0]], null, null, null, null, null, null, null, null, null, null, null, null, null, null, null, null, null, null, null, null, null, null, null, null, null, null, null, null, null, null, null, null, null, null, null, null, [[0.9971497845565959, 0.048731670659869775, 0.05759801588104118, 0.2782428050832111], [-0.05167308874984721, 0.9973746181989547, 0.05073226657206655, 0.1233439435599748], [-0.054974530991952125, -0.053563936068840336, 0.9970500016022404, 0.010335846390055485], [0.0, 0.0, 0.0, 1.0]], null, null, null, [[-0.05944358034357489, 0.9981979539382516, 0.008203993504657472, 0.08891003955957623], [-0.9979921127632734, -0.05960734809711172, 0.021417444178211398, -0.1997324901648259], [0.021867867253895897, -0.006914391247047667, 0.9997369591924911, 0.011803334147722465], [0.0, 0.0, 0.0, 1.0]], [[-0.601695109847376, 0.7986791150329449, -0.00864094878740733, 0.044904332112713885], [0.7984938465730153, 0.6017458672192808, 0.017592278691104836, 0.3654548122081006], [0.019250240798100404, 0.0036854436242129253, -0.9998079044168974, 0.04978848822147153], [0.0, 0.0, 0.0, 1.0]], [[0.9847683376098674, 0.17386403086166252, -0.0016186456167907267, 0.2559640508661318], [-0.17385862289949874, 0.9847659498793608, 0.003033677914660718, 0.03554405643468176], [0.002121434558915924, -0.002706054458966762, 0.9999940883748649, 0.008965147702175972], [0.0, 0.0, 0.0, 1.0]], null, null, null, null, null, null, null, null, null, null, null, null, null, null, null, null, null,